0 0.703667 0.9455 0.01 0.011
0 0.306 0.360833 0.00466667 0.005
0 0.456833 0.523167 0.007 0.00833333
0 0.663667 0.5415 0.00533333 0.00633333
0 0.833 0.535667 0.01 0.0106667
0 0.239333 0.2355 0.0106667 0.011
0 0.325 0.639833 0.008 0.00766667
0 0.549667 0.996833 0.008 0.00633333
0 0.376833 0.444833 0.00766667 0.00833333
0 0.542667 0.323 0.00933333 0.00933333
0 0.448833 0.284667 0.0103333 0.0113333
0 0.8135 0.921167 0.0143333 0.0176667
0 0.4555 0.640167 0.00833333 0.0103333
0 0.440667 0.5215 0.0106667 0.011
0 0.567 0.542333 0.00866667 0.00933333
0 0.473167 0.449333 0.007 0.00866667
0 0.806833 0.534167 0.00966667 0.00966667
0 0.803833 0.8925 0.0116667 0.0123333
0 0.3305 0.573167 0.00966667 0.00966667
0 0.496833 0.616333 0.009 0.01
0 0.622333 0.6725 0.00933333 0.00966667
0 0.531833 0.508667 0.009 0.00933333
0 0.516833 0.504333 0.007 0.00866667
0 0.631833 0.621167 0.00966667 0.0103333
0 0.365833 0.564167 0.0103333 0.009
0 0.542333 0.593167 0.00733333 0.00833333
0 0.432167 0.640667 0.00966667 0.0106667
0 0.648667 0.875167 0.0133333 0.015
0 0.4305 0.712333 0.0103333 0.014
0 0.745333 0.671833 0.00933333 0.0116667
0 0.2165 0.226167 0.015 0.0116667
0 0.7255 0.659333 0.011 0.0126667
0 0.455167 0.672667 0.0103333 0.0106667
0 0.809333 0.633333 0.00866667 0.008
0 0.937667 0.447333 0.0146667 0.0126667
0 0.745833 0.655833 0.0123333 0.0116667
0 0.809667 0.59 0.0126667 0.0113333
