0 0.4685 0.182667 0.00633333 0.006
0 0.328167 0.354333 0.005 0.00466667
0 0.4035 0.556333 0.0163333 0.0193333
0 0.348 0.361167 0.00533333 0.00566667
0 0.57 0.2155 0.004 0.00433333
0 0.479167 0.185333 0.005 0.00533333
0 0.314 0.380833 0.00533333 0.00566667
0 0.485333 0.227167 0.00466667 0.005
0 0.723 0.343 0.004 0.00533333
0 0.750833 0.263667 0.00966667 0.01
0 0.522 0.217167 0.00466667 0.005
0 0.734167 0.362333 0.00566667 0.006
0 0.655833 0.302 0.00633333 0.006
0 0.500167 0.2445 0.00433333 0.005
0 0.674833 0.278667 0.00566667 0.006
0 0.3435 0.325 0.00633333 0.006
0 0.416 0.292667 0.00866667 0.00666667
0 0.49 0.252333 0.00533333 0.00533333
0 0.737 0.3765 0.008 0.00966667
0 0.3085 0.862667 0.011 0.0133333
0 0.977333 0.440333 0.0153333 0.016
0 0.581 0.200833 0.008 0.00766667
0 0.708 0.268667 0.006 0.006
0 0.572667 0.232333 0.00533333 0.006
0 0.534833 0.239667 0.005 0.00466667
0 0.368833 0.496667 0.0143333 0.0133333
0 0.543 0.266833 0.00533333 0.00633333
0 0.445167 0.393333 0.0203333 0.0173333
0 0.505333 0.195 0.00466667 0.006
0 0.3255 0.887667 0.0116667 0.0106667
0 0.460833 0.604 0.015 0.0146667
0 0.594833 0.7795 0.023 0.0196667
0 0.5755 0.327833 0.0103333 0.011
0 0.642833 0.361833 0.0123333 0.0176667
0 0.4 0.721333 0.0213333 0.0126667
0 0.472167 0.834833 0.0136667 0.0196667
0 0.457833 0.139167 0.0143333 0.015
0 0.654 0.104 0.0153333 0.0153333
0 0.490167 0.576333 0.0196667 0.02
0 0.4235 0.149833 0.011 0.0156667
0 0.4055 0.462333 0.0116667 0.0126667
0 0.625667 0.289667 0.016 0.012
0 0.3975 0.748 0.015 0.0173333
0 0.745167 0.242667 0.0163333 0.0126667
