0 0.318833 0.3875 0.00566667 0.00766667
0 0.0606667 0.812 0.01 0.01
0 0.4855 0.21 0.017 0.0193333
0 0.5875 0.358833 0.0143333 0.00833333
0 0.511 0.159667 0.00533333 0.006
0 0.831333 0.251667 0.00533333 0.006
0 0.788833 0.993 0.0103333 0.0106667
0 0.564833 0.784 0.007 0.00666667
0 0.0838333 0.651 0.009 0.00933333
0 0.662667 0.315833 0.00533333 0.007
0 0.2715 0.365667 0.00766667 0.00666667
0 0.0136667 0.9905 0.008 0.009
0 0.824 0.973 0.008 0.00933333
0 0.6565 0.163333 0.00833333 0.008
0 0.8765 0.953 0.007 0.00866667
0 0.800833 0.4115 0.007 0.009
0 0.693167 0.253333 0.007 0.00733333
0 0.665333 0.376833 0.00733333 0.009
0 0.3295 0.389833 0.009 0.011
0 0.7065 0.167 0.009 0.01
0 0.314833 0.203167 0.00766667 0.00766667
0 0.4635 0.386333 0.0103333 0.0106667
0 0.606167 0.311 0.009 0.00866667
0 0.501833 0.365333 0.009 0.01
