0 0.0436667 0.923167 0.01 0.0103333
0 0.784833 0.2635 0.0123333 0.0136667
0 0.780667 0.948167 0.006 0.007
0 0.491167 0.687333 0.011 0.0106667
0 0.5405 0.440333 0.013 0.0113333
0 0.8845 0.544667 0.00833333 0.00866667
0 0.173 0.996167 0.00866667 0.00766667
0 0.9915 0.596167 0.009 0.00966667
0 0.3485 0.616333 0.009 0.00933333
0 0.409 0.767333 0.0106667 0.00933333
0 0.416833 0.137667 0.0103333 0.0113333
0 0.391333 0.504333 0.012 0.0126667
0 0.223167 0.2625 0.009 0.0103333
0 0.536167 0.265 0.0156667 0.0153333
0 0.379667 0.472 0.0106667 0.0113333
0 0.628 0.597667 0.0133333 0.0113333
0 0.291333 0.2735 0.0113333 0.0116667
0 0.357667 0.202333 0.0113333 0.0146667
0 0.457667 0.3685 0.0133333 0.0156667
0 0.3395 0.141167 0.0123333 0.0103333
0 0.241 0.181333 0.01 0.0126667
0 0.4305 0.1165 0.0116667 0.0116667
0 0.636167 0.468667 0.0123333 0.0113333
0 0.645 0.499833 0.01 0.0123333
0 0.299 0.294833 0.012 0.013
