0 0.158833 0.7905 0.00433333 0.00433333
0 0.29 0.745667 0.00533333 0.006
0 0.3035 0.578 0.00433333 0.00466667
0 0.3205 0.630167 0.00433333 0.00433333
0 0.428667 0.679667 0.00333333 0.00333333
0 0.449 0.603167 0.00333333 0.00366667
0 0.337333 0.458667 0.004 0.00466667
0 0.937667 0.6135 0.004 0.00366667
0 0.346 0.072 0.004 0.00333333
0 0.755833 0.382 0.00433333 0.00466667
0 0.5095 0.113667 0.00366667 0.004
0 0.055 0.937167 0.004 0.00366667
0 0.926667 0.6155 0.004 0.00366667
0 0.5615 0.341667 0.003 0.00333333
0 0.628167 0.65 0.00366667 0.004
0 0.807 0.901167 0.00333333 0.00366667
0 0.190333 0.283667 0.00466667 0.00466667
0 0.789667 0.810333 0.004 0.004
0 0.902167 0.213667 0.00366667 0.00466667
0 0.677 0.808833 0.00466667 0.005
0 0.916333 0.591667 0.00333333 0.004
0 0.0163333 0.958333 0.00466667 0.00533333
0 0.8425 0.5485 0.00433333 0.005
0 0.464 0.590667 0.00333333 0.00266667
0 0.667833 0.235833 0.00433333 0.005
0 0.8765 0.525167 0.003 0.00433333
0 0.368 0.742167 0.004 0.00366667
0 0.969167 0.467833 0.003 0.00366667
0 0.913833 0.593167 0.003 0.00433333
0 0.806667 0.753 0.00466667 0.00533333
0 0.963667 0.4705 0.004 0.00433333
0 0.575167 0.646667 0.00366667 0.004
0 0.8625 0.540333 0.00366667 0.004
0 0.887667 0.0276667 0.00333333 0.004
0 0.919 0.504 0.00466667 0.00533333
0 0.825833 0.436833 0.00366667 0.00366667
0 0.877667 0.532167 0.004 0.005
0 0.9145 0.5915 0.00366667 0.00433333
0 0.8515 0.828333 0.00366667 0.004
0 0.673667 0.0606667 0.00466667 0.00533333
0 0.770833 0.320833 0.003 0.00366667
0 0.298 0.554667 0.00266667 0.00266667
0 0.618 0.674667 0.00266667 0.00333333
0 0.953333 0.143833 0.004 0.00366667
0 0.611667 0.518667 0.004 0.004
0 0.0396667 0.362333 0.00533333 0.006
0 0.704667 0.817 0.00266667 0.00333333
0 0.518833 0.2495 0.003 0.00366667
0 0.0305 0.0978333 0.00433333 0.00433333
0 0.622333 0.056 0.004 0.004
0 0.8695 0.544 0.00366667 0.00466667
0 0.865667 0.478333 0.00266667 0.00333333
0 0.7155 0.651667 0.005 0.00533333
0 0.3005 0.642167 0.00433333 0.00433333
0 0.903167 0.523833 0.00366667 0.00433333
0 0.00183333 0.929667 0.00366667 0.00466667
0 0.961167 0.957333 0.00566667 0.00533333
0 0.23 0.869 0.004 0.00466667
0 0.798167 0.194 0.00433333 0.00466667
0 0.918333 0.9915 0.006 0.007
0 0.674833 0.5295 0.003 0.003
0 0.2585 0.171167 0.003 0.00366667
0 0.680833 0.814833 0.00366667 0.00366667
0 0.866833 0.26 0.003 0.00333333
0 0.619333 0.543 0.004 0.004
0 0.106 0.284167 0.004 0.005
0 0.6515 0.19 0.003 0.00333333
0 0.900167 0.524333 0.00366667 0.004
0 0.281167 0.412833 0.00366667 0.00433333
0 0.496667 0.451833 0.00333333 0.00366667
0 0.335333 0.7235 0.00466667 0.00566667
0 0.877 0.524167 0.00333333 0.00366667
0 0.703833 0.244667 0.00366667 0.004
0 0.772 0.594333 0.00333333 0.00466667
0 0.3945 0.745667 0.00433333 0.00466667
0 0.481333 0.91 0.00333333 0.004
0 0.881667 0.509333 0.004 0.004
0 0.3115 0.6335 0.00366667 0.00433333
0 0.879833 0.5095 0.00366667 0.00433333
0 0.616 0.458 0.004 0.004
0 0.936 0.611833 0.00333333 0.00366667
0 0.8575 0.445833 0.00566667 0.00566667
0 0.636833 0.0548333 0.00433333 0.00433333
0 0.811833 0.341333 0.005 0.00533333
0 0.843833 0.519667 0.00433333 0.004
0 0.620667 0.435 0.004 0.00466667
0 0.784667 0.510667 0.00333333 0.004
0 0.596833 0.434 0.00366667 0.004
0 0.61 0.671167 0.004 0.00433333
0 0.881 0.0391667 0.00333333 0.00433333
0 0.160667 0.88 0.00466667 0.00533333
0 0.295833 0.672333 0.00433333 0.006
0 0.839 0.782333 0.00333333 0.00466667
0 0.0423333 0.715833 0.00333333 0.00366667
0 0.909667 0.375333 0.004 0.00466667
0 0.661167 0.225 0.005 0.00533333
0 0.129833 0.473 0.00366667 0.004
0 0.281 0.800333 0.004 0.004
0 0.866 0.540833 0.004 0.00433333
0 0.849667 0.5455 0.00466667 0.00433333
0 0.979167 0.334 0.003 0.00333333
0 0.872833 0.508333 0.00366667 0.004
0 0.336333 0.0223333 0.004 0.004
0 0.947167 0.361333 0.00366667 0.004
0 0.973333 0.966833 0.00333333 0.00366667
0 0.4745 0.229 0.00433333 0.00466667
0 0.0838333 0.539833 0.003 0.00366667
0 0.515333 0.106167 0.004 0.00433333
0 0.9765 0.511833 0.00366667 0.00366667
0 0.0951667 0.448 0.00433333 0.00466667
0 0.701833 0.848833 0.003 0.00366667
0 0.2305 0.668333 0.00366667 0.004
0 0.6325 0.5665 0.00366667 0.00366667
0 0.884 0.487 0.00333333 0.004
0 0.844333 0.054 0.00466667 0.00533333
0 0.441 0.706167 0.00333333 0.00366667
0 0.374333 0.915833 0.004 0.00433333
0 0.5485 0.747 0.00366667 0.004
0 0.327167 0.602 0.00433333 0.00533333
0 0.2315 0.6185 0.005 0.00633333
0 0.828333 0.907167 0.00333333 0.00366667
0 0.700167 0.601833 0.00366667 0.00366667
0 0.123667 0.790167 0.00333333 0.00366667
0 0.275 0.563667 0.006 0.00533333
0 0.5985 0.132833 0.005 0.00633333
0 0.647333 0.0535 0.004 0.00433333
0 0.773667 0.241333 0.00266667 0.00333333
0 0.661333 0.919667 0.004 0.004
0 0.844167 0.367667 0.00433333 0.00533333
0 0.798333 0.544167 0.00266667 0.003
0 0.0025 0.522667 0.00433333 0.00466667
0 0.118 0.156 0.006 0.00666667
0 0.906833 0.2525 0.003 0.00366667
0 0.725 0.417667 0.00466667 0.00533333
0 0.620667 0.423167 0.004 0.00433333
0 0.828333 0.281167 0.00333333 0.00366667
0 0.0633333 0.0206667 0.00666667 0.008
0 0.880333 0.497833 0.004 0.00433333
0 0.847667 0.545 0.004 0.004
0 0.296167 0.669 0.00433333 0.00533333
0 0.915 0.18 0.00466667 0.00466667
0 0.8365 0.779167 0.00366667 0.00366667
0 0.9785 0.104167 0.00433333 0.00433333
0 0.799167 0.703 0.00433333 0.00466667
0 0.179167 0.537333 0.00566667 0.006
0 0.0246667 0.527833 0.004 0.00433333
0 0.737667 0.892667 0.004 0.004
0 0.928167 0.300333 0.00366667 0.00333333
0 0.837667 0.781167 0.004 0.005
0 0.843667 0.547 0.004 0.00466667
0 0.8665 0.539667 0.00366667 0.004
0 0.926833 0.0625 0.00366667 0.00366667
0 0.0933333 0.466167 0.00466667 0.005
0 0.334667 0.653833 0.00466667 0.00566667
0 0.253833 0.949167 0.005 0.005
0 0.413 0.879 0.00466667 0.00533333
0 0.384167 0.779333 0.00366667 0.004
0 0.787 0.401667 0.004 0.004
0 0.84 0.0725 0.00333333 0.00366667
0 0.653333 0.463167 0.00533333 0.005
0 0.08 0.507667 0.004 0.00466667
0 0.9285 0.616167 0.00366667 0.00366667
0 0.317 0.880667 0.00466667 0.00533333
0 0.861667 0.4895 0.004 0.00366667
0 0.568167 0.428667 0.00366667 0.004
0 0.38 0.423667 0.00466667 0.00466667
0 0.915333 0.609333 0.00466667 0.00466667
0 0.612 0.136167 0.00466667 0.00566667
0 0.9625 0.470833 0.00366667 0.00433333
0 0.173333 0.573667 0.004 0.00466667
0 0.512167 0.518333 0.005 0.00533333
0 0.230833 0.614833 0.005 0.00566667
0 0.335833 0.9665 0.003 0.00366667
0 0.825167 0.494167 0.00433333 0.00433333
0 0.203833 0.226833 0.00366667 0.00433333
0 0.8295 0.8045 0.00366667 0.00433333
0 0.311833 0.739333 0.00433333 0.00466667
0 0.5015 0.48 0.00366667 0.00466667
0 0.853833 0.5455 0.00366667 0.00366667
0 0.946167 0.804667 0.00366667 0.00466667
0 0.499833 0.291333 0.00433333 0.00466667
0 0.333167 0.866667 0.00433333 0.00466667
0 0.724167 0.3 0.00433333 0.00466667
0 0.381667 0.6635 0.00533333 0.00566667
0 0.804833 0.510333 0.00366667 0.004
0 0.2955 0.674 0.00433333 0.00533333
0 0.86 0.539833 0.00333333 0.00366667
0 0.969833 0.386333 0.00366667 0.004
0 0.306333 0.647667 0.00333333 0.00333333
0 0.154833 0.5725 0.005 0.00566667
0 0.665333 0.0415 0.004 0.00433333
0 0.605833 0.410333 0.00366667 0.004
0 0.067 0.425 0.004 0.004
0 0.0791667 0.841833 0.005 0.005
0 0.195333 0.324167 0.004 0.00433333
0 0.270833 0.563 0.00433333 0.004
0 0.114667 0.313833 0.006 0.00633333
0 0.285333 0.686167 0.004 0.005
0 0.6035 0.242667 0.00433333 0.004
0 0.8465 0.471 0.00366667 0.004
0 0.492167 0.321 0.00366667 0.004
0 0.936833 0.395 0.00366667 0.004
0 0.935833 0.5 0.003 0.00333333
0 0.915 0.617 0.00333333 0.004
0 0.931333 0.583 0.00333333 0.004
0 0.618 0.0218333 0.00333333 0.00366667
0 0.1945 0.198 0.005 0.00533333
0 0.288333 0.7435 0.00466667 0.00433333
0 0.871667 0.531 0.00466667 0.00466667
0 0.836833 0.285333 0.00366667 0.00466667
0 0.802833 0.506333 0.00433333 0.00466667
0 0.3305 0.7055 0.00366667 0.00366667
0 0.2525 0.484167 0.00433333 0.005
0 0.595333 0.706333 0.00466667 0.00533333
0 0.019 0.744 0.004 0.004
0 0.317667 0.746333 0.00533333 0.00666667
0 0.319167 0.5945 0.005 0.00566667
0 0.834333 0.5325 0.004 0.00433333
0 0.283 0.730667 0.004 0.00466667
0 0.956833 0.602 0.00366667 0.004
0 0.961167 0.201333 0.00433333 0.00466667
0 0.277 0.562667 0.00466667 0.00533333
0 0.824167 0.782833 0.00433333 0.005
0 0.293667 0.747333 0.004 0.004
0 0.0566667 0.912833 0.00533333 0.00566667
0 0.9585 0.3895 0.00433333 0.005
0 0.850833 0.515167 0.00433333 0.00433333
0 0.2715 0.564167 0.00433333 0.00433333
0 0.282833 0.5705 0.00433333 0.00433333
0 0.242667 0.266833 0.004 0.00433333
0 0.719333 0.00866667 0.006 0.006
0 0.711167 0.711 0.00566667 0.00666667
0 0.776167 0.266167 0.00366667 0.00366667
0 0.949833 0.324 0.00366667 0.004
0 0.974333 0.757167 0.00466667 0.005
0 0.820333 0.5515 0.004 0.00433333
0 0.667333 0.935667 0.004 0.00466667
0 0.614 0.584167 0.00333333 0.00366667
0 0.416167 0.645667 0.00433333 0.00533333
0 0.784333 0.674333 0.004 0.004
0 0.673833 0.661833 0.00433333 0.005
0 0.583333 0.9965 0.00466667 0.005
0 0.901667 0.538833 0.00333333 0.00433333
0 0.290167 0.4175 0.00366667 0.00366667
0 0.719333 0.479 0.00466667 0.00533333
0 0.93 0.540333 0.004 0.004
0 0.8565 0.474667 0.00366667 0.004
0 0.602 0.839333 0.004 0.004
0 0.248833 0.641 0.00366667 0.004
0 0.58 0.683333 0.004 0.004
0 0.689 0.474167 0.004 0.00433333
0 0.149 0.348 0.006 0.00533333
0 0.657667 0.109667 0.00466667 0.00466667
0 0.437667 0.142667 0.00466667 0.00533333
0 0.612333 0.490333 0.004 0.004
0 0.243333 0.84 0.00466667 0.00466667
0 0.226833 0.566667 0.00433333 0.00466667
0 0.2495 0.995667 0.005 0.00533333
0 0.316833 0.8705 0.00433333 0.005
0 0.572667 0.9425 0.00466667 0.005
0 0.1705 0.688333 0.00366667 0.004
0 0.267 0.560333 0.004 0.004
0 0.331 0.670333 0.00333333 0.004
0 0.7095 0.769 0.005 0.00533333
0 0.981333 0.1425 0.004 0.005
0 0.17 0.700667 0.00333333 0.004
0 0.7585 0.44 0.00433333 0.00466667
0 0.177833 0.819667 0.00433333 0.00533333
0 0.837333 0.730833 0.00466667 0.005
0 0.913 0.601333 0.00466667 0.00533333
0 0.768 0.438167 0.004 0.00433333
0 0.4245 0.657333 0.00433333 0.00466667
0 0.776667 0.4365 0.00466667 0.005
0 0.834333 0.198833 0.00333333 0.00366667
0 0.6425 0.242667 0.00366667 0.004
0 0.649667 0.390333 0.00466667 0.00533333
0 0.543333 0.970167 0.00466667 0.005
0 0.966 0.489667 0.004 0.004
0 0.809667 0.518667 0.00266667 0.00333333
0 0.979167 0.156 0.00433333 0.00466667
0 0.232167 0.851833 0.005 0.005
0 0.969 0.2375 0.00466667 0.005
0 0.285333 0.551 0.004 0.004
0 0.255167 0.449 0.00433333 0.00466667
0 0.784833 0.322667 0.00366667 0.004
0 0.788167 0.5175 0.00433333 0.00433333
0 0.388333 0.681333 0.00466667 0.00466667
0 0.680833 0.578667 0.00366667 0.00466667
0 0.152833 0.704333 0.00433333 0.004
0 0.0875 0.501833 0.00433333 0.005
0 0.5385 0.238333 0.00366667 0.004
0 0.950833 0.276333 0.00366667 0.004
0 0.0581667 0.924833 0.00366667 0.00366667
0 0.786833 0.466667 0.00433333 0.004
0 0.1475 0.381333 0.005 0.00466667
0 0.018 0.558 0.00466667 0.00466667
0 0.800833 0.531833 0.00433333 0.00433333
0 0.68 0.4045 0.00466667 0.00566667
0 0.616 0.889833 0.004 0.00433333
0 0.813333 0.525667 0.004 0.00466667
0 0.893333 0.253 0.00333333 0.004
0 0.702833 0.396167 0.00366667 0.00433333
0 0.922167 0.587 0.00433333 0.00466667
0 0.637 0.870667 0.00466667 0.00466667
0 0.0715 0.573667 0.005 0.00533333
0 0.8735 0.531167 0.00366667 0.00433333
0 0.940167 0.381833 0.00366667 0.00366667
0 0.316333 0.891833 0.004 0.00433333
0 0.237833 0.659333 0.00433333 0.00466667
0 0.3505 0.572667 0.00366667 0.004
0 0.842167 0.741 0.00433333 0.00533333
0 0.891167 0.5725 0.00366667 0.00433333
0 0.705167 0.693 0.005 0.00533333
0 0.622667 0.513833 0.004 0.00433333
0 0.867333 0.517833 0.00466667 0.00433333
0 0.605833 0.156333 0.00433333 0.00533333
0 0.312333 0.7305 0.00466667 0.005
0 0.255667 0.199333 0.004 0.00466667
0 0.479167 0.508667 0.00366667 0.004
0 0.897833 0.582333 0.00433333 0.00466667
0 0.796833 0.469 0.00433333 0.004
0 0.645167 0.490333 0.00433333 0.004
0 0.300167 0.358833 0.00433333 0.00433333
0 0.0851667 0.4875 0.00433333 0.005
0 0.194333 0.2325 0.00533333 0.00566667
0 0.4475 0.977333 0.00433333 0.00466667
0 0.487333 0.532333 0.00466667 0.00466667
0 0.381167 0.755 0.00366667 0.004
0 0.0503333 0.739833 0.004 0.00433333
0 0.0595 0.886333 0.00566667 0.00533333
0 0.289667 0.720333 0.00466667 0.00533333
0 0.322667 0.661333 0.00533333 0.00533333
0 0.561833 0.1705 0.00366667 0.00433333
0 0.045 0.665833 0.004 0.005
0 0.259 0.358833 0.004 0.005
0 0.233 0.620667 0.004 0.004
0 0.477833 0.392167 0.00366667 0.005
0 0.537667 0.923167 0.00466667 0.00433333
0 0.4505 0.96 0.00433333 0.00466667
0 0.616 0.356333 0.004 0.00466667
0 0.3435 0.7275 0.00433333 0.00433333
0 0.597667 0.878833 0.00466667 0.00433333
0 0.3965 0.689167 0.00366667 0.00433333
0 0.741667 0.868333 0.004 0.004
0 0.140833 0.920333 0.00433333 0.00533333
0 0.227667 0.905833 0.00466667 0.00566667
0 0.2525 0.5505 0.00366667 0.00433333
0 0.153 0.529667 0.00533333 0.00466667
0 0.508833 0.286667 0.00433333 0.00466667
0 0.1985 0.513333 0.00433333 0.00466667
0 0.727833 0.864333 0.00433333 0.00466667
0 0.0343333 0.944833 0.00533333 0.005
0 0.244167 0.603167 0.00366667 0.00433333
0 0.215167 0.601833 0.00433333 0.00433333
0 0.302167 0.658667 0.00433333 0.00466667
0 0.1165 0.626167 0.005 0.00566667
0 0.0105 0.9015 0.00566667 0.00633333
0 0.194333 0.901833 0.00533333 0.005
0 0.782667 0.455333 0.00533333 0.00466667
0 0.152833 0.54 0.00433333 0.00466667
0 0.521167 0.888833 0.00366667 0.00433333
0 0.210667 0.963 0.00533333 0.00533333
0 0.808667 0.539667 0.00466667 0.00466667
0 0.877833 0.5925 0.00366667 0.005
0 0.342167 0.709 0.00566667 0.006
0 0.902 0.6055 0.00466667 0.00433333
0 0.602167 0.854167 0.00433333 0.00433333
0 0.895833 0.597833 0.00366667 0.00366667
0 0.504667 0.887833 0.00466667 0.005
0 0.219833 0.571167 0.00366667 0.00433333
0 0.686833 0.0176667 0.00566667 0.006
0 0.208667 0.624 0.00533333 0.00533333
0 0.0293333 0.959167 0.00533333 0.005
0 0.0466667 0.935 0.00533333 0.00533333
0 0.324333 0.734833 0.00466667 0.005
0 0.874167 0.5845 0.00433333 0.00433333
0 0.894667 0.550667 0.00466667 0.00466667
0 0.958333 0.3345 0.004 0.005
0 0.258833 0.565 0.00433333 0.004
0 0.232833 0.588333 0.005 0.00533333
0 0.234667 0.557333 0.00466667 0.00466667
0 0.307 0.748667 0.00466667 0.00466667
0 0.890667 0.587833 0.00466667 0.005
0 0.228167 0.605 0.00433333 0.004
0 0.9075 0.592167 0.00366667 0.00433333
