0 0.7525 0.160833 0.0143333 0.0123333
0 0.805667 0.228333 0.0206667 0.014
0 0.800667 0.228167 0.012 0.0116667
0 0.8315 0.107333 0.0103333 0.014
0 0.812167 0.228167 0.0116667 0.0143333
0 0.685667 0.380833 0.0173333 0.017
0 0.577 0.2795 0.0166667 0.023
0 0.671667 0.43 0.014 0.014
0 0.607333 0.311833 0.02 0.0136667
0 0.680333 0.677167 0.0113333 0.0143333
0 0.353167 0.621667 0.011 0.0106667
0 0.674333 0.426167 0.016 0.0196667
0 0.411833 0.7625 0.011 0.0163333
0 0.488333 0.225833 0.0113333 0.011
0 0.548 0.03 0.0126667 0.018
0 0.719667 0.504167 0.0133333 0.00966667
0 0.617167 0.823167 0.017 0.017
0 0.647167 0.209333 0.0123333 0.0146667
0 0.679833 0.385667 0.00966667 0.0113333
0 0.706333 0.602667 0.012 0.0126667
0 0.326167 0.51 0.011 0.0126667
0 0.642833 0.524833 0.013 0.0156667
0 0.568167 0.2935 0.0136667 0.0156667
0 0.600667 0.3155 0.022 0.0203333
0 0.721333 0.511333 0.0133333 0.018
0 0.577 0.834667 0.0166667 0.0153333
0 0.356833 0.564167 0.0116667 0.0123333
0 0.818167 0.143667 0.0176667 0.0146667
0 0.552833 0.893 0.0123333 0.0186667
0 0.599167 0.0708333 0.0143333 0.013
0 0.572167 0.653333 0.0143333 0.0106667
0 0.475333 0.323833 0.0133333 0.0136667
0 0.679333 0.45 0.0133333 0.0146667
0 0.5985 0.478 0.0116667 0.014
0 0.391 0.6235 0.0113333 0.0143333
0 0.600333 0.600167 0.0153333 0.0163333
0 0.692833 0.463167 0.011 0.0136667
0 0.6895 0.377167 0.0116667 0.0123333
0 0.478 0.627 0.0153333 0.016
0 0.7305 0.156 0.017 0.0173333
0 0.470167 0.7225 0.0136667 0.015
0 0.649833 0.725167 0.015 0.0203333
0 0.645667 0.498833 0.0113333 0.013
0 0.5385 0.5815 0.0143333 0.0203333
0 0.579333 0.273167 0.0186667 0.0183333
0 0.475167 0.770333 0.0163333 0.0213333
0 0.405833 0.548 0.0116667 0.016
