0 0.6705 0.00883333 0.0136667 0.013
0 0.287 0.288667 0.0133333 0.012
0 0.593667 0.442 0.0146667 0.0106667
0 0.373167 0.014 0.0143333 0.01
0 0.362333 0.437 0.0106667 0.014
0 0.454 0.681333 0.0146667 0.0146667
0 0.309 0.0825 0.0113333 0.0143333
0 0.229 0.0441667 0.0113333 0.0183333
0 0.710833 0.0368333 0.0176667 0.0103333
0 0.508833 0.505667 0.0116667 0.012
0 0.539333 0.436833 0.0186667 0.0136667
0 0.574333 0.222167 0.0133333 0.017
0 0.351333 0.465667 0.0126667 0.014
0 0.419667 0.521333 0.012 0.0113333
0 0.597 0.357167 0.014 0.0176667
0 0.533667 0.5445 0.0153333 0.0123333
0 0.436167 0.526667 0.0136667 0.0126667
0 0.584667 0.429333 0.0186667 0.018
0 0.606 0.392167 0.0173333 0.0163333
0 0.4455 0.606 0.0116667 0.0106667
0 0.482667 0.487667 0.0146667 0.012
