0 0.794833 0.758333 0.00966667 0.00866667
0 0.8235 0.479333 0.007 0.00733333
0 0.831333 0.606333 0.00533333 0.006
0 0.793667 0.431167 0.00533333 0.00566667
0 0.523 0.165667 0.00933333 0.01
0 0.845833 0.109833 0.007 0.007
0 0.465167 0.361833 0.00833333 0.00833333
0 0.512333 0.08 0.0106667 0.0153333
0 0.655833 0.791667 0.007 0.008
0 0.779833 0.990667 0.007 0.00733333
0 0.8645 0.339167 0.00566667 0.00566667
0 0.901667 0.641833 0.00733333 0.007
0 0.262833 0.253333 0.00633333 0.00733333
0 0.248167 0.122667 0.00633333 0.008
0 0.4795 0.746333 0.007 0.00666667
0 0.843333 0.171 0.00666667 0.00733333
0 0.645333 0.625833 0.00533333 0.00566667
0 0.327 0.126833 0.008 0.011
0 0.898167 0.380167 0.00766667 0.00766667
0 0.818333 0.685333 0.00666667 0.008
0 0.797833 0.693667 0.00633333 0.006
0 0.7035 0.973167 0.00566667 0.00633333
0 0.8135 0.939 0.00833333 0.01
0 0.896667 0.458 0.00866667 0.00733333
0 0.908333 0.091 0.008 0.0106667
0 0.981833 0.605 0.00833333 0.008
0 0.347167 0.955833 0.00566667 0.00566667
0 0.308833 0.152833 0.011 0.009
0 0.178167 0.722667 0.009 0.01
0 0.922 0.395833 0.00666667 0.009
0 0.223833 0.105833 0.00966667 0.00766667
0 0.478667 0.301 0.00666667 0.00733333
0 0.414 0.959667 0.006 0.00666667
0 0.6605 0.524167 0.00833333 0.009
0 0.533833 0.619333 0.00633333 0.00666667
0 0.903833 0.252333 0.00766667 0.00933333
0 0.5595 0.641667 0.00766667 0.00733333
0 0.334167 0.9235 0.00766667 0.007
0 0.509833 0.556333 0.00633333 0.008
0 0.971167 0.0788333 0.00766667 0.00766667
0 0.975 0.457167 0.008 0.00766667
0 0.924167 0.558833 0.007 0.00833333
0 0.834667 0.4825 0.006 0.00766667
0 0.183167 0.439333 0.009 0.00866667
0 0.9275 0.347667 0.00833333 0.00733333
0 0.953667 0.619 0.0106667 0.008
0 0.770833 0.497 0.00633333 0.00666667
0 0.662167 0.768833 0.007 0.00766667
0 0.459 0.3685 0.00866667 0.00966667
0 0.3055 0.735667 0.009 0.00866667
0 0.940833 0.471667 0.00833333 0.00866667
0 0.478667 0.721333 0.00866667 0.00866667
0 0.319833 0.336333 0.0116667 0.01
0 0.422167 0.295333 0.00966667 0.00866667
0 0.192333 0.635667 0.01 0.00866667
0 0.0101667 0.0633333 0.011 0.00866667
0 0.2905 0.691333 0.011 0.01
0 0.918667 0.506167 0.00733333 0.00766667
0 0.222 0.748 0.008 0.0106667
0 0.596167 0.748833 0.00833333 0.00833333
0 0.0835 0.0348333 0.0123333 0.00966667
0 0.3645 0.477167 0.00966667 0.0103333
0 0.2525 0.707167 0.011 0.0103333
0 0.215667 0.430833 0.01 0.00966667
0 0.554333 0.614 0.008 0.008
0 0.284333 0.773167 0.01 0.0103333
