0 0.746667 0.181 0.00666667 0.00733333
0 0.631333 0.876833 0.016 0.0136667
0 0.178667 0.844833 0.012 0.0116667
0 0.588333 0.0843333 0.0113333 0.014
0 0.0238333 0.946167 0.0123333 0.0116667
0 0.1995 0.779333 0.00966667 0.0133333
0 0.3425 0.0126667 0.017 0.0166667
0 0.324 0.4715 0.00733333 0.009
0 0.388167 0.493667 0.0243333 0.0153333
0 0.1585 0.8105 0.0156667 0.0183333
0 0.685 0.0606667 0.0146667 0.0126667
0 0.394667 0.490667 0.0106667 0.0133333
0 0.503167 0.116667 0.00966667 0.00933333
0 0.549333 0.832167 0.012 0.015
0 0.02 0.655 0.014 0.02
0 0.123 0.907667 0.018 0.0153333
0 0.4225 0.192833 0.011 0.011
0 0.5865 0.117167 0.0103333 0.013
0 0.125 0.290333 0.0153333 0.0146667
0 0.382167 0.495833 0.019 0.013
0 0.707333 0.229167 0.0113333 0.0103333
0 0.594167 0.855833 0.0156667 0.0156667
0 0.701667 0.144 0.0133333 0.0153333
0 0.039 0.556 0.0166667 0.02
0 0.695333 0.314667 0.0193333 0.0186667
0 0.0175 0.421333 0.0136667 0.0153333
0 0.145333 0.6035 0.0193333 0.0163333
0 0.813 0.4885 0.0166667 0.0143333
0 0.694667 0.759833 0.0146667 0.0116667
0 0.5315 0.374167 0.0156667 0.0196667
0 0.130167 0.4645 0.019 0.015
0 0.451333 0.818167 0.02 0.0196667
0 0.733 0.3955 0.0133333 0.0143333
0 0.218667 0.036 0.016 0.022
0 0.401 0.321667 0.0213333 0.0133333
0 0.730833 0.3355 0.0136667 0.0156667
0 0.711667 0.741 0.016 0.0133333
0 0.5225 0.534167 0.0176667 0.0156667
0 0.058 0.521 0.014 0.018
0 0.634333 0.536667 0.0126667 0.016
0 0.582833 0.510833 0.0163333 0.0103333
0 0.787667 0.5665 0.0173333 0.0123333
0 0.692 0.164167 0.0133333 0.011
0 0.65 0.251333 0.0166667 0.01
0 0.770667 0.587 0.0146667 0.0173333
0 0.036 0.687333 0.0213333 0.0253333
0 0.404167 0.578833 0.017 0.019
0 0.691833 0.486667 0.0203333 0.0213333
