0 0.493833 0.284167 0.00966667 0.0123333
0 0.440667 0.888667 0.024 0.0213333
0 0.736 0.329333 0.0173333 0.0186667
0 0.0385 0.332833 0.0203333 0.0236667
0 0.712167 0.3185 0.0203333 0.0183333
0 0.6945 0.517833 0.013 0.0156667
0 0.6915 0.573667 0.013 0.0133333
0 0.135667 0.619 0.0193333 0.0193333
0 0.378167 0.646333 0.0256667 0.0233333
0 0.395 0.194333 0.0166667 0.014
0 0.400833 0.4455 0.027 0.023
0 0.131 0.702833 0.0186667 0.0276667
0 0.3205 0.7025 0.0203333 0.0163333
0 0.606333 0.481167 0.0133333 0.013
0 0.341833 0.951 0.0216667 0.0186667
0 0.515 0.340667 0.0133333 0.014
0 0.722833 0.946833 0.025 0.0203333
0 0.203167 0.280167 0.0236667 0.0283333
0 0.571833 0.371333 0.011 0.0106667
0 0.599167 0.454167 0.0143333 0.0156667
0 0.615667 0.558 0.014 0.0186667
0 0.7305 0.904 0.023 0.0246667
