0 0.1515 0.450167 0.007 0.00833333
0 0.281333 0.981333 0.006 0.00666667
0 0.954333 0.703167 0.00333333 0.00366667
0 0.0623333 0.789167 0.00733333 0.00766667
0 0.807833 0.272167 0.00633333 0.007
0 0.260833 0.2875 0.00633333 0.00833333
0 0.0321667 0.942 0.007 0.008
0 0.0998333 0.384167 0.009 0.00966667
0 0.0185 0.481333 0.007 0.00733333
0 0.909167 0.545333 0.00633333 0.00733333
0 0.5075 0.283833 0.00633333 0.007
0 0.981167 0.55 0.007 0.00866667
0 0.376333 0.285667 0.004 0.00466667
0 0.0521667 0.754833 0.005 0.005
0 0.912167 0.4805 0.00566667 0.00566667
0 0.879833 0.1575 0.00633333 0.00633333
0 0.8765 0.5505 0.00633333 0.007
0 0.310833 0.5635 0.00433333 0.005
0 0.128833 0.468333 0.007 0.00666667
0 0.0698333 0.800333 0.005 0.00533333
0 0.45 0.413667 0.00533333 0.00666667
0 0.2475 0.345667 0.011 0.01
0 0.8125 0.326167 0.00633333 0.00766667
0 0.6995 0.4635 0.005 0.00566667
0 0.448333 0.441833 0.00666667 0.007
0 0.5825 0.692833 0.00633333 0.00766667
0 0.906 0.033 0.0113333 0.01
0 0.654333 0.431833 0.00733333 0.009
0 0.255333 0.771 0.004 0.00466667
0 0.9115 0.412333 0.00566667 0.006
0 0.7875 0.0055 0.00633333 0.007
0 0.530167 0.749833 0.00833333 0.00966667
0 0.851833 0.5445 0.005 0.00566667
0 0.584667 0.581667 0.006 0.00666667
0 0.959333 0.1295 0.006 0.00633333
0 0.533833 0.124833 0.00633333 0.00633333
0 0.241667 0.568 0.006 0.006
0 0.00216667 0.690333 0.00433333 0.00733333
0 0.283167 0.827833 0.007 0.009
0 0.873333 0.388 0.006 0.00733333
0 0.006 0.482 0.00733333 0.0113333
0 0.868333 0.210667 0.00733333 0.00866667
0 0.950833 0.104833 0.007 0.007
0 0.498667 0.687 0.00733333 0.00733333
0 0.613833 0.980333 0.00633333 0.00733333
0 0.9565 0.142833 0.00633333 0.007
0 0.715333 0.697667 0.00533333 0.006
0 0.391 0.288333 0.006 0.00733333
0 0.617 0.250333 0.006 0.00666667
0 0.705833 0.705 0.00433333 0.00466667
0 0.206667 0.105833 0.00733333 0.007
0 0.683167 0.882833 0.00633333 0.007
0 0.26 0.865333 0.00666667 0.00733333
0 0.868333 0.152167 0.00866667 0.00833333
0 0.775833 0.00683333 0.00966667 0.007
0 0.58 0.684333 0.006 0.008
0 0.275833 0.444 0.00766667 0.00933333
0 0.7685 0.156333 0.00766667 0.008
0 0.986 0.191667 0.00466667 0.00533333
0 0.892333 0.512333 0.00466667 0.00533333
0 0.927833 0.152833 0.00566667 0.00633333
0 0.0556667 0.834 0.006 0.00733333
0 0.828 0.877667 0.00933333 0.00933333
0 0.8655 0.0356667 0.00833333 0.0106667
0 0.956 0.153167 0.006 0.007
0 0.933333 0.0915 0.01 0.009
0 0.947833 0.549 0.007 0.00733333
0 0.324 0.681667 0.00666667 0.008
0 0.871 0.0775 0.008 0.00966667
0 0.8175 0.00283333 0.007 0.00566667
0 0.700667 0.426 0.006 0.00733333
0 0.0591667 0.819 0.00633333 0.008
0 0.628833 0.607667 0.007 0.00866667
0 0.686167 0.6735 0.00633333 0.007
0 0.805833 0.152333 0.007 0.00733333
0 0.428667 0.328 0.006 0.00666667
0 0.603167 0.786167 0.00766667 0.00966667
0 0.669667 0.422833 0.00533333 0.00633333
0 0.9435 0.152333 0.00633333 0.00733333
0 0.614833 0.329833 0.00833333 0.00833333
0 0.836333 0.800167 0.006 0.00633333
0 0.188833 0.455 0.007 0.00866667
0 0.927167 0.406167 0.00633333 0.00633333
0 0.0423333 0.719167 0.00666667 0.00766667
0 0.783167 0.899667 0.009 0.00733333
0 0.807333 0.00833333 0.00666667 0.00733333
0 0.494667 0.180833 0.00666667 0.00766667
0 0.966167 0.117 0.00766667 0.00933333
0 0.867667 0.0636667 0.00733333 0.00933333
0 0.179167 0.6725 0.00766667 0.00833333
0 0.923833 0.143833 0.00766667 0.00766667
0 0.937667 0.137333 0.00733333 0.008
0 0.0956667 0.946333 0.006 0.00666667
0 0.451 0.903667 0.00733333 0.00933333
0 0.499 0.4225 0.01 0.00833333
0 0.455667 0.383 0.00666667 0.01
0 0.8675 0.395833 0.00633333 0.00766667
0 0.1485 0.189 0.007 0.00733333
0 0.834833 0.402833 0.00833333 0.00833333
0 0.848 0.122333 0.008 0.008
0 0.6175 0.498833 0.007 0.00833333
0 0.4345 0.522833 0.00766667 0.00966667
0 0.519 0.381333 0.00866667 0.00933333
0 0.417333 0.995 0.00666667 0.00666667
0 0.9415 0.430333 0.00566667 0.006
0 0.0116667 0.965833 0.00733333 0.007
0 0.652333 0.253333 0.00666667 0.008
0 0.4685 0.466667 0.00633333 0.00733333
0 0.8535 0.0816667 0.007 0.00866667
0 0.8115 0.0221667 0.007 0.007
0 0.8885 0.1295 0.00633333 0.00833333
0 0.902667 0.318667 0.00666667 0.008
0 0.624667 0.673667 0.008 0.00733333
0 0.762167 0.245167 0.00766667 0.007
0 0.140667 0.891333 0.008 0.00933333
0 0.856 0.3845 0.00733333 0.00833333
0 0.535 0.699667 0.008 0.008
0 0.608667 0.519 0.00666667 0.00733333
0 0.6325 0.6925 0.007 0.00766667
0 0.779333 0.1715 0.008 0.009
0 0.0816667 0.890833 0.00733333 0.007
0 0.844333 0.371333 0.00733333 0.008
0 0.365 0.780167 0.00666667 0.007
0 0.616833 0.655 0.007 0.00733333
