0 0.341667 0.604 0.0166667 0.022
0 0.0755 0.375333 0.0316667 0.0353333
0 0.691667 0.108667 0.01 0.008
0 0.454833 0.531167 0.0243333 0.0163333
0 0.218333 0.582333 0.018 0.0186667
0 0.216833 0.5865 0.0136667 0.013
0 0.0981667 0.185167 0.021 0.0263333
0 0.2455 0.429833 0.0216667 0.0163333
0 0.215667 0.536 0.0146667 0.0133333
0 0.170333 0.0365 0.014 0.0183333
0 0.262 0.664667 0.0206667 0.0233333
0 0.776833 0.159667 0.0136667 0.012
0 0.351667 0.1195 0.018 0.0156667
0 0.678333 0.342333 0.0166667 0.018
0 0.5795 0.735 0.019 0.0153333
0 0.513167 0.780833 0.0123333 0.0136667
0 0.228667 0.332167 0.0133333 0.0143333
0 0.219833 0.571667 0.019 0.0166667
0 0.615667 0.2175 0.016 0.019
0 0.205 0.203667 0.0126667 0.016
0 0.506 0.0948333 0.024 0.0223333
0 0.495 0.785333 0.014 0.0193333
0 0.680833 0.0195 0.0163333 0.017
0 0.4905 0.202833 0.0176667 0.0216667
0 0.501833 0.511333 0.013 0.02
0 0.3645 0.0101667 0.0163333 0.0203333
0 0.257 0.617 0.018 0.018
0 0.176667 0.3105 0.0186667 0.0163333
0 0.2985 0.4405 0.0156667 0.0196667
0 0.723833 0.0515 0.0103333 0.015
0 0.219333 0.436667 0.0173333 0.0153333
0 0.4445 0.228167 0.0203333 0.0156667
0 0.479333 0.816167 0.0133333 0.013
0 0.607333 0.441 0.0166667 0.0166667
0 0.206833 0.1055 0.021 0.015
0 0.3695 0.742333 0.0163333 0.012
0 0.4355 0.778333 0.0136667 0.018
0 0.544 0.744833 0.0126667 0.013
0 0.628667 0.515 0.0213333 0.0146667
0 0.197333 0.263 0.014 0.0173333
0 0.363667 0.689667 0.0166667 0.0133333
0 0.3225 0.640333 0.0163333 0.0146667
0 0.458333 0.812833 0.0173333 0.0183333
0 0.4955 0.744 0.0143333 0.016
0 0.520667 0.519667 0.0153333 0.018
0 0.512333 0.422833 0.0206667 0.0156667
0 0.382167 0.805333 0.015 0.0133333
0 0.465167 0.529833 0.0196667 0.0176667
0 0.445667 0.5325 0.0166667 0.0163333
0 0.564 0.4515 0.016 0.0163333
0 0.441167 0.494 0.0203333 0.0126667
0 0.3795 0.637167 0.0123333 0.0143333
0 0.322 0.583167 0.018 0.0163333
0 0.653833 0.475 0.0203333 0.0213333
0 0.407167 0.271833 0.0196667 0.0236667
0 0.3225 0.710167 0.0136667 0.0183333
0 0.569333 0.3915 0.02 0.019
0 0.399167 0.512333 0.0156667 0.0186667
0 0.394 0.781667 0.012 0.0153333
0 0.291667 0.383333 0.02 0.022
0 0.389 0.608167 0.0166667 0.013
0 0.5855 0.583 0.0216667 0.0193333
0 0.559667 0.669333 0.0213333 0.0153333
