0 0.121 0.488167 0.014 0.0156667
0 0.1305 0.2975 0.009 0.00966667
0 0.782667 0.643833 0.006 0.00633333
0 0.749 0.313333 0.016 0.0133333
0 0.413 0.786667 0.00666667 0.00733333
0 0.109667 0.855 0.00866667 0.00933333
0 0.618833 0.541 0.009 0.00866667
0 0.1795 0.133 0.00766667 0.008
0 0.606167 0.719 0.00566667 0.006
0 0.688167 0.719333 0.00633333 0.00666667
0 0.495667 0.793 0.006 0.006
0 0.403 0.7825 0.00733333 0.00766667
0 0.667167 0.720167 0.007 0.007
0 0.214667 0.927333 0.00733333 0.00866667
0 0.155333 0.348667 0.00933333 0.0106667
0 0.235167 0.912167 0.00766667 0.00833333
0 0.384833 0.744833 0.00766667 0.00766667
0 0.130333 0.96 0.01 0.00933333
0 0.153 0.2345 0.01 0.00966667
0 0.194167 0.1605 0.009 0.009
0 0.561167 0.748333 0.007 0.00733333
0 0.6735 0.733667 0.00766667 0.00866667
0 0.179167 0.1475 0.00833333 0.00966667
0 0.440667 0.265 0.0153333 0.0153333
0 0.277667 0.834 0.00666667 0.008
0 0.673167 0.711833 0.007 0.00766667
0 0.3125 0.494333 0.009 0.0113333
0 0.0176667 0.6265 0.014 0.013
0 0.498833 0.808667 0.007 0.00733333
0 0.132 0.697 0.00933333 0.0106667
0 0.440333 0.793 0.00733333 0.00733333
0 0.565333 0.7095 0.00933333 0.009
0 0.565333 0.435 0.0213333 0.0233333
0 0.737 0.111667 0.0186667 0.0166667
0 0.7505 0.263167 0.0236667 0.0176667
0 0.524667 0.519833 0.0186667 0.015
0 0.321 0.2715 0.022 0.023
0 0.695833 0.367167 0.0203333 0.013
0 0.885667 0.249333 0.0166667 0.0193333
0 0.457667 0.646333 0.016 0.018
0 0.136167 0.9365 0.0143333 0.0183333
0 0.00833333 0.918667 0.0166667 0.0226667
0 0.679833 0.437 0.015 0.0186667
0 0.713667 0.591 0.0226667 0.018
0 0.3715 0.677667 0.0216667 0.0173333
