0 0.528 0.394667 0.00666667 0.008
0 0.266833 0.554667 0.005 0.00533333
0 0.356167 0.338667 0.00766667 0.008
0 0.362167 0.366667 0.0123333 0.0126667
0 0.646167 0.279833 0.00966667 0.0103333
0 0.023 0.598167 0.0126667 0.009
0 0.394 0.467667 0.01 0.0113333
0 0.460333 0.441833 0.00466667 0.005
0 0.680167 0.307 0.0103333 0.01
0 0.393 0.9955 0.0153333 0.009
0 0.114833 0.171667 0.0123333 0.0113333
0 0.438333 0.082 0.0133333 0.0146667
0 0.370667 0.2845 0.008 0.011
0 0.153833 0.382833 0.0156667 0.0136667
0 0.456333 0.188667 0.012 0.0106667
0 0.595333 0.5075 0.012 0.015
0 0.337667 0.235833 0.0106667 0.0116667
0 0.485333 0.389 0.016 0.014
0 0.577 0.376667 0.01 0.014
0 0.399167 0.261833 0.0143333 0.0116667
0 0.0601667 0.551833 0.0156667 0.0123333
0 0.0928333 0.543167 0.011 0.0123333
0 0.695833 0.350833 0.0116667 0.011
0 0.383167 0.8405 0.0143333 0.0196667
0 0.3735 0.302167 0.0143333 0.011
0 0.604167 0.924 0.0116667 0.014
0 0.558833 0.571833 0.0103333 0.013
0 0.407833 0.486167 0.011 0.009
0 0.435 0.586167 0.0113333 0.013
0 0.611667 0.517667 0.0166667 0.0166667
0 0.476 0.503167 0.0126667 0.0116667
0 0.704 0.432833 0.0133333 0.011
0 0.382167 0.223333 0.0116667 0.0126667
0 0.4235 0.778 0.0116667 0.0153333
0 0.537 0.499667 0.00866667 0.0106667
0 0.49 0.815 0.01 0.012
0 0.362833 0.3495 0.0123333 0.0116667
0 0.592833 0.688333 0.0103333 0.0113333
0 0.5315 0.982833 0.0143333 0.0156667
0 0.576167 0.737 0.0103333 0.0113333
0 0.359167 0.805333 0.0123333 0.016
0 0.565333 0.826167 0.00933333 0.0123333
0 0.0606667 0.419 0.0126667 0.0113333
0 0.3865 0.3275 0.0103333 0.0163333
0 0.4315 0.657333 0.013 0.0146667
0 0.338333 0.572833 0.016 0.015
0 0.6575 0.454667 0.0136667 0.0146667
