0 0.186167 0.993 0.0136667 0.0126667
0 0.7335 0.101833 0.00633333 0.007
0 0.205 0.0528333 0.00733333 0.00766667
0 0.652833 0.734167 0.00566667 0.007
0 0.269833 0.300333 0.00766667 0.00733333
0 0.3915 0.974167 0.007 0.009
0 0.696667 0.774167 0.006 0.00633333
0 0.753833 0.104333 0.007 0.00733333
0 0.004 0.888167 0.00733333 0.011
0 0.216167 0.348667 0.00966667 0.00866667
0 0.848167 0.161 0.00633333 0.00666667
0 0.155 0.995333 0.012 0.00933333
0 0.525 0.4335 0.0126667 0.011
0 0.00833333 0.167667 0.00866667 0.00866667
0 0.600667 0.288167 0.0126667 0.0236667
0 0.373167 0.1415 0.0103333 0.0103333
0 0.447333 0.592333 0.0113333 0.0173333
0 0.113667 0.589667 0.012 0.0126667
0 0.2535 0.176333 0.013 0.0126667
0 0.5775 0.186167 0.0116667 0.0103333
0 0.404833 0.196667 0.011 0.00866667
0 0.118167 0.0641667 0.009 0.009
0 0.907833 0.386167 0.007 0.00766667
0 0.092 0.367333 0.0106667 0.00933333
0 0.674 0.580333 0.008 0.00866667
0 0.2765 0.671667 0.0103333 0.0126667
0 0.668167 0.065 0.00833333 0.00933333
0 0.905667 0.178333 0.00933333 0.00866667
0 0.173167 0.877833 0.011 0.011
0 0.844 0.761167 0.008 0.00766667
0 0.3315 0.8795 0.009 0.011
0 0.134833 0.0628333 0.0116667 0.011
0 0.140333 0.108667 0.01 0.00933333
0 0.169167 0.784 0.007 0.00866667
0 0.0935 0.877667 0.009 0.00866667
0 0.5285 0.039 0.0136667 0.016
0 0.433667 0.6265 0.012 0.013
0 0.354667 0.835167 0.00866667 0.0116667
0 0.667333 0.675333 0.01 0.00733333
0 0.00933333 0.9075 0.0146667 0.0123333
0 0.213833 0.743 0.00966667 0.012
0 0.136333 0.767833 0.0133333 0.0116667
0 0.421833 0.476333 0.011 0.0133333
0 0.261 0.652833 0.00933333 0.015
0 0.954 0.889833 0.00866667 0.00966667
0 0.149 0.477 0.0113333 0.012
0 0.217167 0.855333 0.0123333 0.012
0 0.169333 0.565167 0.0113333 0.0116667
