0 0.309167 0.1225 0.0103333 0.0163333
0 0.0633333 0.9825 0.018 0.0183333
0 0.687833 0.3485 0.009 0.00966667
0 0.196167 0.363833 0.0116667 0.00966667
0 0.480333 0.410333 0.0126667 0.0166667
0 0.405333 0.335833 0.016 0.0143333
0 0.418167 0.377 0.0163333 0.0153333
0 0.656667 0.6395 0.00866667 0.011
0 0.491333 0.751167 0.01 0.00966667
0 0.649 0.340333 0.0126667 0.0153333
0 0.730333 0.276167 0.0113333 0.00966667
0 0.342667 0.478333 0.0126667 0.0133333
0 0.406 0.515833 0.0106667 0.0136667
0 0.418 0.296833 0.0166667 0.0136667
0 0.347 0.3015 0.024 0.019
0 0.407167 0.632833 0.0136667 0.00966667
0 0.451 0.6665 0.0153333 0.0136667
0 0.556333 0.639833 0.012 0.0123333
