0 0.613333 0.452 0.00666667 0.00733333
0 0.397667 0.427 0.006 0.00666667
0 0.386167 0.498 0.0183333 0.016
0 0.4535 0.4945 0.019 0.0136667
0 0.212333 0.298333 0.016 0.0186667
0 0.3825 0.381333 0.005 0.00666667
0 0.295333 0.443333 0.014 0.0153333
0 0.452833 0.235 0.0156667 0.014
0 0.457 0.705667 0.0166667 0.0153333
0 0.659667 0.8515 0.0113333 0.0116667
0 0.246333 0.3335 0.01 0.011
0 0.590667 0.7435 0.00733333 0.00833333
0 0.538667 0.589167 0.00666667 0.00833333
0 0.365 0.506333 0.0186667 0.0106667
0 0.478 0.556667 0.00666667 0.00733333
0 0.356667 0.504667 0.0193333 0.0106667
0 0.294167 0.231 0.0123333 0.0133333
0 0.29 0.304667 0.0106667 0.01
0 0.390667 0.500333 0.0113333 0.0146667
0 0.316167 0.291333 0.0103333 0.0106667
0 0.299333 0.3165 0.012 0.011
0 0.428167 0.651833 0.0143333 0.013
0 0.3925 0.085 0.0136667 0.018
0 0.381167 0.4955 0.013 0.0136667
0 0.324667 0.342833 0.00866667 0.009
0 0.413667 0.405333 0.0153333 0.0106667
0 0.485333 0.00566667 0.0146667 0.0106667
0 0.377 0.4255 0.0153333 0.0116667
0 0.427167 0.190833 0.0136667 0.0156667
0 0.275167 0.315167 0.0123333 0.0116667
0 0.563 0.7705 0.0153333 0.0136667
0 0.581833 0.784667 0.0143333 0.02
0 0.342167 0.538333 0.0143333 0.016
0 0.4975 0.617833 0.0143333 0.0163333
0 0.358333 0.522833 0.014 0.0116667
0 0.469667 0.593667 0.0126667 0.0126667
0 0.255333 0.377 0.018 0.0186667
0 0.297167 0.449 0.019 0.026
0 0.402167 0.2865 0.0116667 0.0116667
0 0.490833 0.418667 0.00833333 0.0106667
0 0.4475 0.498333 0.0156667 0.012
0 0.422333 0.446667 0.0126667 0.012
0 0.516333 0.554833 0.0113333 0.0123333
0 0.404833 0.147667 0.015 0.0186667
0 0.580167 0.761167 0.0136667 0.015
0 0.456 0.527 0.0186667 0.016
0 0.565167 0.635667 0.00966667 0.01
0 0.461333 0.490833 0.0133333 0.013
0 0.462167 0.553333 0.015 0.0113333
0 0.386 0.549333 0.018 0.0153333
0 0.487833 0.446 0.0116667 0.0113333
