0 0.245167 0.1815 0.00966667 0.011
0 0.2525 0.343333 0.0163333 0.0126667
0 0.138833 0.3215 0.0143333 0.019
0 0.222167 0.897333 0.0136667 0.0213333
0 0.118167 0.899333 0.009 0.00933333
0 0.4 0.961833 0.01 0.0156667
0 0.523833 0.769 0.0116667 0.0113333
0 0.67 0.387167 0.0153333 0.015
0 0.169167 0.571167 0.017 0.0136667
0 0.193667 0.657833 0.01 0.0116667
0 0.256667 0.529333 0.0186667 0.0233333
0 0.595 0.253333 0.028 0.018
0 0.275333 0.327333 0.0266667 0.0146667
0 0.573333 0.753 0.00866667 0.01
0 0.683 0.3255 0.02 0.0176667
0 0.133333 0.211833 0.0173333 0.0123333
0 0.5925 0.589 0.0116667 0.0146667
0 0.720667 0.2875 0.0133333 0.011
0 0.325167 0.923333 0.0163333 0.0153333
0 0.203 0.922833 0.016 0.017
0 0.297167 0.946167 0.017 0.0163333
0 0.378167 0.246167 0.013 0.0163333
0 0.144833 0.129333 0.0183333 0.0166667
0 0.185833 0.852333 0.0123333 0.018
0 0.083 0.110167 0.0213333 0.019
0 0.118 0.228667 0.018 0.0213333
0 0.167833 0.635333 0.0183333 0.018
0 0.5525 0.673 0.013 0.014
0 0.244167 0.694333 0.013 0.014
0 0.097 0.814833 0.0146667 0.0123333
0 0.308 0.638 0.0126667 0.016
0 0.189833 0.741667 0.0163333 0.0146667
0 0.243167 0.650333 0.017 0.016
0 0.227667 0.0628333 0.0186667 0.0143333
0 0.3255 0.973333 0.0183333 0.0193333
