0 0.343 0.371667 0.008 0.008
0 0.540333 0.655 0.006 0.006
0 0.3135 0.972 0.0136667 0.0146667
0 0.6095 0.242333 0.00433333 0.004
0 0.4225 0.2945 0.00633333 0.00833333
0 0.156 0.3135 0.00866667 0.009
0 0.463167 0.7865 0.013 0.015
0 0.616667 0.673167 0.00666667 0.007
0 0.544167 0.577 0.011 0.01
0 0.548167 0.5605 0.009 0.00966667
0 0.635333 0.314167 0.00866667 0.007
0 0.790667 0.376333 0.0146667 0.0153333
0 0.626167 0.4825 0.0103333 0.0163333
0 0.5985 0.974 0.0163333 0.0173333
0 0.515 0.373333 0.0126667 0.0173333
0 0.224 0.683667 0.0153333 0.014
0 0.646667 0.105167 0.0186667 0.0163333
0 0.434 0.964833 0.0126667 0.0203333
0 0.215667 0.696833 0.018 0.0136667
0 0.501333 0.156667 0.016 0.0173333
0 0.651333 0.808667 0.016 0.0213333
0 0.466667 0.2315 0.01 0.013
0 0.626667 0.779 0.0173333 0.016
0 0.470333 0.517333 0.0166667 0.0213333
0 0.654 0.512833 0.0113333 0.013
0 0.558833 0.845833 0.0176667 0.021
0 0.305667 0.3235 0.0173333 0.013
0 0.443667 0.483333 0.0193333 0.014
0 0.519333 0.244333 0.016 0.0146667
0 0.377667 0.404833 0.0173333 0.0143333
