0 0.996667 0.958167 0.00666667 0.009
0 0.712167 0.2095 0.011 0.0136667
0 0.3725 0.433667 0.00566667 0.00533333
0 0.808833 0.5885 0.00766667 0.00766667
0 0.8905 0.693667 0.00566667 0.006
0 0.911333 0.229167 0.00466667 0.005
0 0.809667 0.852 0.006 0.00733333
0 0.381167 0.224333 0.007 0.00733333
0 0.794667 0.119833 0.00866667 0.009
0 0.662667 0.6495 0.014 0.009
0 0.254833 0.950167 0.007 0.007
0 0.811167 0.625167 0.00633333 0.007
0 0.00266667 0.1775 0.00533333 0.00766667
0 0.765333 0.735667 0.00933333 0.01
0 0.221 0.861 0.008 0.00933333
0 0.544167 0.093 0.00833333 0.00866667
0 0.41 0.546333 0.006 0.008
0 0.9945 0.822833 0.00633333 0.009
0 0.7705 0.195 0.009 0.0106667
0 0.7175 0.5165 0.00966667 0.0103333
0 0.134 0.121 0.0106667 0.0113333
0 0.754333 0.901167 0.00733333 0.00766667
0 0.861167 0.482 0.011 0.0106667
0 0.946167 0.469833 0.00633333 0.007
0 0.0748333 0.407 0.007 0.00733333
0 0.882 0.417667 0.01 0.0126667
0 0.4075 0.520333 0.007 0.00866667
0 0.9 0.689167 0.006 0.00633333
0 0.289333 0.813167 0.00666667 0.007
0 0.0666667 0.4995 0.01 0.0103333
0 0.786 0.0691667 0.00733333 0.00766667
0 0.397833 0.814333 0.00566667 0.00733333
0 0.230833 0.133 0.00566667 0.006
0 0.154167 0.042 0.00833333 0.00933333
0 0.354667 0.1455 0.006 0.00633333
0 0.707833 0.84 0.009 0.00866667
0 0.536333 0.657333 0.00866667 0.01
0 0.307 0.0325 0.00733333 0.00833333
0 0.900833 0.651167 0.007 0.007
0 0.759167 0.0685 0.00766667 0.00766667
0 0.287667 0.382833 0.008 0.00833333
0 0.813167 0.838333 0.00766667 0.0106667
0 0.1185 0.642 0.007 0.008
0 0.6565 0.649833 0.00833333 0.00966667
0 0.139833 0.342167 0.00633333 0.00833333
0 0.689 0.947167 0.00733333 0.009
0 0.776833 0.498167 0.00833333 0.0103333
0 0.7815 0.272833 0.0136667 0.0103333
0 0.7875 0.0363333 0.007 0.00866667
0 0.669667 0.650167 0.008 0.011
0 0.571667 0.598167 0.01 0.013
0 0.527333 0.579833 0.01 0.0116667
0 0.8055 0.315833 0.0116667 0.0103333
0 0.833833 0.814167 0.007 0.007
0 0.311833 0.482333 0.00766667 0.00733333
0 0.7835 0.913667 0.007 0.00933333
0 0.4435 0.755167 0.007 0.00833333
0 0.943167 0.2915 0.007 0.007
0 0.6485 0.636667 0.009 0.01
0 0.366 0.846333 0.00666667 0.00666667
0 0.682167 0.329167 0.0103333 0.0116667
0 0.671333 0.627667 0.01 0.012
0 0.764667 0.0813333 0.008 0.008
0 0.413667 0.332333 0.008 0.008
0 0.947333 0.564 0.00666667 0.008
0 0.363167 0.885667 0.00766667 0.008
0 0.350333 0.815167 0.00733333 0.00833333
0 0.455333 0.657 0.00733333 0.00866667
0 0.588333 0.311667 0.008 0.008
0 0.883667 0.396167 0.014 0.017
0 0.7435 0.578167 0.011 0.0116667
0 0.744833 0.559833 0.0103333 0.011
0 0.742833 0.359167 0.0116667 0.00966667
0 0.617 0.477 0.01 0.0113333
0 0.866 0.844 0.00733333 0.00866667
0 0.212 0.648667 0.01 0.00866667
0 0.662 0.267167 0.0113333 0.0123333
