0 0.2635 0.16 0.0176667 0.016
0 0.703 0.1 0.01 0.01
0 0.745 0.512333 0.00866667 0.0106667
0 0.722667 0.114333 0.01 0.01
0 0.164333 0.876667 0.008 0.01
0 0.286333 0.911833 0.008 0.00766667
0 0.264 0.753833 0.0113333 0.011
0 0.2625 0.880667 0.007 0.00866667
0 0.486667 0.8105 0.01 0.011
0 0.945333 0.481667 0.0106667 0.0153333
0 0.5 0.408 0.0133333 0.014
0 0.974 0.697833 0.00933333 0.0116667
0 0.326833 0.2025 0.0143333 0.017
0 0.0738333 0.733167 0.013 0.009
0 0.864167 0.284167 0.013 0.013
0 0.242333 0.756667 0.00933333 0.0133333
0 0.531667 0.569333 0.0173333 0.0153333
0 0.279 0.428333 0.01 0.0106667
0 0.35 0.843 0.01 0.01
0 0.100333 0.7255 0.0113333 0.0143333
0 0.206 0.989167 0.0106667 0.011
0 0.1955 0.470833 0.00966667 0.013
0 0.261167 0.893833 0.0103333 0.00966667
0 0.936667 0.425 0.012 0.0106667
