0 0.867833 0.628833 0.0236667 0.019
0 0.637833 0.692167 0.0116667 0.0116667
0 0.318333 0.768167 0.01 0.015
0 0.665667 0.730333 0.026 0.0246667
0 0.368667 0.941833 0.014 0.0196667
0 0.698167 0.446333 0.0136667 0.0113333
0 0.5925 0.369333 0.013 0.0146667
0 0.146833 0.412167 0.021 0.017
0 0.206833 0.2645 0.0143333 0.0183333
0 0.576667 0.415833 0.0133333 0.019
0 0.709 0.472 0.014 0.0193333
0 0.153 0.472667 0.018 0.016
0 0.452833 0.335 0.0236667 0.0173333
0 0.568333 0.4855 0.0246667 0.0236667
0 0.637333 0.484167 0.0193333 0.0216667
0 0.414333 0.5935 0.0153333 0.0203333
0 0.418833 0.7825 0.021 0.0183333
0 0.2265 0.7285 0.0203333 0.021
0 0.442167 0.447 0.0236667 0.0193333
0 0.251333 0.274167 0.0193333 0.0143333
0 0.620667 0.3985 0.0166667 0.0203333
0 0.5135 0.7265 0.023 0.0263333
