0 0.330167 0.193167 0.00633333 0.00633333
0 0.425833 0.1095 0.00966667 0.009
0 0.108167 0.169 0.00633333 0.006
0 0.362167 0.226167 0.00633333 0.007
0 0.5695 0.4655 0.0103333 0.0143333
0 0.271833 0.3605 0.00633333 0.00566667
0 0.271167 0.952 0.00833333 0.00866667
0 0.3025 0.573833 0.0123333 0.0136667
0 0.0846667 0.139833 0.008 0.009
0 0.344333 0.287333 0.00533333 0.00533333
0 0.156167 0.606833 0.0123333 0.0163333
0 0.145 0.185 0.0133333 0.014
0 0.289833 0.319833 0.00966667 0.00833333
0 0.279667 0.407 0.01 0.012
0 0.369833 0.7255 0.019 0.0183333
0 0.742333 0.620833 0.0186667 0.0163333
0 0.389667 0.768667 0.0193333 0.018
0 0.3715 0.2605 0.0123333 0.011
0 0.829333 0.384333 0.016 0.0153333
0 0.253167 0.0526667 0.015 0.0206667
0 0.695167 0.332333 0.0136667 0.0153333
0 0.352833 0.695167 0.019 0.021
