0 0.726167 0.0326667 0.0103333 0.012
0 0.0711667 0.815833 0.019 0.0156667
0 0.407333 0.423167 0.00533333 0.005
0 0.469167 0.355167 0.005 0.00566667
0 0.1305 0.823 0.013 0.0126667
0 0.436167 0.735333 0.0136667 0.0146667
0 0.411833 0.819833 0.021 0.019
0 0.126167 0.778 0.013 0.0126667
0 0.319333 0.907 0.0173333 0.0173333
0 0.505667 0.911 0.022 0.0286667
0 0.473833 0.802333 0.0183333 0.02
0 0.642833 0.127667 0.0156667 0.014
0 0.00516667 0.173167 0.00966667 0.015
0 0.253167 0.492167 0.013 0.00966667
0 0.006 0.854333 0.01 0.012
0 0.508833 0.678 0.0116667 0.0126667
0 0.262667 0.9185 0.0166667 0.0196667
0 0.474 0.967667 0.02 0.02
0 0.257667 0.221167 0.0133333 0.0136667
0 0.0473333 0.2735 0.014 0.0143333
0 0.525167 0.5155 0.009 0.00966667
0 0.0211667 0.824167 0.0163333 0.0163333
0 0.544833 0.634167 0.00966667 0.011
0 0.435 0.418167 0.00933333 0.0136667
0 0.570667 0.1395 0.0153333 0.0156667
0 0.0108333 0.794 0.0176667 0.016
0 0.34 0.612167 0.014 0.013
0 0.295667 0.473667 0.0133333 0.0153333
0 0.294833 0.916833 0.023 0.025
0 0.3825 0.748167 0.013 0.0143333
0 0.037 0.788667 0.0206667 0.016
0 0.345 0.411 0.0133333 0.00866667
0 0.0225 0.496 0.017 0.0166667
0 0.557833 0.5545 0.011 0.013
0 0.536667 0.4765 0.0126667 0.0123333
0 0.316 0.473333 0.0113333 0.014
0 0.200833 0.4905 0.0156667 0.0203333
0 0.0241667 0.3865 0.025 0.023
0 0.381 0.598833 0.0146667 0.0116667
0 0.407167 0.561167 0.0143333 0.0183333
