0 0.223833 0.393833 0.0116667 0.0116667
0 0.732167 0.120833 0.013 0.0116667
0 0.4925 0.117333 0.013 0.0126667
0 0.582167 0.095 0.0143333 0.0126667
0 0.503167 0.064 0.0103333 0.014
0 0.451833 0.0648333 0.013 0.0136667
0 0.704833 0.543333 0.023 0.0226667
0 0.152167 0.489167 0.0136667 0.013
0 0.686667 0.134833 0.0126667 0.0143333
0 0.474 0.0553333 0.0206667 0.0146667
0 0.296667 0.0651667 0.0146667 0.0143333
0 0.612333 0.092 0.012 0.0126667
0 0.845667 0.475833 0.0226667 0.0223333
0 0.235333 0.115167 0.0133333 0.0163333
0 0.400667 0.3755 0.0206667 0.0256667
0 0.212167 0.178667 0.0116667 0.012
0 0.485667 0.1275 0.0133333 0.0123333
0 0.174667 0.383 0.0133333 0.01
0 0.0408333 0.192333 0.019 0.0126667
0 0.515167 0.4245 0.023 0.0183333
0 0.3055 0.099 0.0123333 0.016
0 0.256167 0.216333 0.013 0.014
0 0.618 0.823167 0.0186667 0.0263333
0 0.394333 0.506333 0.018 0.0186667
0 0.643167 0.506333 0.0196667 0.0226667
0 0.348667 0.532667 0.0126667 0.0186667
0 0.1475 0.283667 0.0143333 0.0193333
0 0.779167 0.402333 0.0283333 0.0273333
0 0.110667 0.390167 0.026 0.0143333
0 0.4025 0.670667 0.017 0.0206667
0 0.442333 0.811833 0.016 0.0196667
0 0.59 0.5495 0.02 0.025
