0 0.114833 0.5925 0.00433333 0.005
0 0.297667 0.725167 0.00666667 0.007
0 0.8735 0.669833 0.007 0.00766667
0 0.879833 0.4695 0.00433333 0.00433333
0 0.756667 0.268833 0.00466667 0.00566667
0 0.510833 0.492333 0.005 0.00466667
0 0.112333 0.165833 0.00533333 0.00633333
0 0.460167 0.300833 0.00433333 0.005
0 0.481333 0.296167 0.006 0.007
0 0.511667 0.770833 0.00533333 0.00566667
0 0.507 0.824667 0.006 0.006
0 0.792667 0.55 0.00666667 0.00666667
0 0.329 0.0811667 0.006 0.00633333
0 0.459333 0.185667 0.00733333 0.00733333
0 0.4725 0.586667 0.005 0.006
0 0.374833 0.0085 0.007 0.00833333
0 0.00233333 0.456167 0.00466667 0.00566667
0 0.709 0.74 0.008 0.0113333
0 0.183333 0.677667 0.006 0.00666667
0 0.518833 0.269333 0.005 0.006
0 0.035 0.506667 0.006 0.006
0 0.385167 0.655167 0.007 0.007
0 0.3315 0.201833 0.00566667 0.00766667
0 0.490333 0.598833 0.00533333 0.00633333
0 0.401667 0.467 0.006 0.00666667
0 0.7 0.808 0.006 0.006
0 0.738 0.247 0.006 0.00666667
0 0.192 0.969667 0.00533333 0.006
0 0.326667 0.403833 0.00666667 0.00633333
0 0.4405 0.769667 0.005 0.00533333
0 0.490167 0.157667 0.005 0.00533333
0 0.550667 0.786 0.006 0.00666667
0 0.779 0.231833 0.006 0.007
0 0.708833 0.800833 0.00633333 0.00766667
0 0.808167 0.9425 0.00633333 0.00766667
0 0.859167 0.587 0.005 0.00533333
0 0.271833 0.383 0.00566667 0.00666667
0 0.647667 0.622667 0.00666667 0.00666667
0 0.717167 0.014 0.00566667 0.00533333
0 0.894 0.941667 0.00666667 0.008
0 0.150167 0.718833 0.005 0.005
0 0.703 0.766667 0.008 0.008
0 0.8475 0.992833 0.00633333 0.007
0 0.490167 0.7965 0.005 0.00566667
0 0.4805 0.498333 0.005 0.00533333
0 0.846667 0.1855 0.006 0.00633333
0 0.233167 0.463833 0.007 0.00766667
0 0.00466667 0.1335 0.00666667 0.009
0 0.694667 0.786 0.00666667 0.00933333
0 0.683167 0.959833 0.007 0.007
0 0.814333 0.3035 0.006 0.00633333
0 0.02 0.3255 0.00733333 0.00633333
0 0.144167 0.5195 0.00433333 0.00566667
0 0.449 0.329833 0.00533333 0.00633333
0 0.161167 0.4485 0.00766667 0.007
0 0.4555 0.757167 0.00566667 0.00633333
0 0.154833 0.155167 0.00566667 0.00566667
0 0.478167 0.32 0.00633333 0.00666667
0 0.803833 0.253167 0.007 0.009
0 0.465667 0.589667 0.00733333 0.00733333
0 0.399333 0.0836667 0.006 0.00666667
0 0.282 0.155 0.00666667 0.006
0 0.0775 0.128667 0.00566667 0.006
0 0.868 0.975 0.00733333 0.00666667
0 0.209333 0.480667 0.00666667 0.006
0 0.391 0.0263333 0.00733333 0.008
0 0.0856667 0.167333 0.006 0.006
0 0.107167 0.6365 0.005 0.00566667
0 0.301 0.645 0.00533333 0.00666667
0 0.155833 0.0343333 0.00566667 0.00666667
0 0.887667 0.197 0.004 0.00466667
0 0.507167 0.5025 0.00566667 0.007
0 0.204167 0.620667 0.00633333 0.00733333
0 0.2935 0.1815 0.00566667 0.00633333
0 0.0413333 0.279833 0.00666667 0.00766667
0 0.223167 0.751 0.007 0.00666667
0 0.1255 0.784667 0.00566667 0.00666667
0 0.274167 0.2595 0.00566667 0.00566667
0 0.334 0.098 0.006 0.006
0 0.249167 0.677 0.00566667 0.00733333
0 0.095 0.22 0.006 0.00733333
