0 0.914667 0.213333 0.00733333 0.008
0 0.923833 0.192333 0.007 0.00733333
0 0.0456667 0.983167 0.00666667 0.00833333
0 0.9335 0.197833 0.00833333 0.00833333
0 0.00583333 0.103333 0.00766667 0.00933333
0 0.445833 0.113333 0.00833333 0.01
0 0.386 0.407667 0.00733333 0.008
0 0.7505 0.963333 0.00566667 0.006
0 0.9725 0.148667 0.007 0.00733333
0 0.582667 0.784333 0.00866667 0.01
0 0.564833 0.276667 0.00433333 0.00466667
0 0.230667 0.829333 0.0213333 0.0226667
0 0.215833 0.406 0.009 0.0113333
0 0.641667 0.1915 0.00533333 0.00633333
0 0.335833 0.948 0.00833333 0.0106667
0 0.521667 0.946833 0.00866667 0.00833333
0 0.351167 0.547833 0.00766667 0.00966667
0 0.0746667 0.041 0.008 0.00933333
0 0.906833 0.6425 0.009 0.007
0 0.719167 0.469 0.009 0.00733333
0 0.273 0.648833 0.00533333 0.00566667
0 0.274 0.0503333 0.008 0.008
0 0.166667 0.515833 0.00666667 0.009
0 0.4205 0.932167 0.00966667 0.00966667
0 0.0761667 0.7585 0.00766667 0.009
0 0.631167 0.483167 0.0103333 0.013
0 0.117667 0.649 0.00733333 0.00933333
0 0.484833 0.522833 0.011 0.009
0 0.620333 0.526833 0.0106667 0.009
0 0.601333 0.679667 0.01 0.0113333
0 0.0455 0.547167 0.007 0.00833333
0 0.585333 0.937667 0.0113333 0.012
0 0.296667 0.274333 0.00733333 0.00933333
0 0.500167 0.872667 0.013 0.0126667
0 0.3265 0.117667 0.00966667 0.008
0 0.221667 0.125667 0.00933333 0.00866667
0 0.0795 0.594167 0.00966667 0.009
0 0.4915 0.791333 0.00966667 0.0113333
0 0.413833 0.974 0.00966667 0.0113333
0 0.431333 0.142167 0.008 0.00766667
0 0.485333 0.663833 0.00933333 0.0116667
0 0.411 0.427833 0.01 0.0123333
0 0.378833 0.846833 0.009 0.011
0 0.483 0.5645 0.0106667 0.0116667
0 0.454667 0.646167 0.0106667 0.0116667
0 0.414 0.101 0.00933333 0.008
0 0.455 0.885333 0.00866667 0.0113333
0 0.264833 0.2235 0.00766667 0.00833333
0 0.546167 0.600333 0.0116667 0.0106667
0 0.0595 0.537333 0.007 0.01
