0 0.246167 0.7945 0.009 0.00833333
0 0.251833 0.558667 0.00433333 0.00466667
0 0.265333 0.856 0.006 0.00733333
0 0.748833 0.587667 0.009 0.00733333
0 0.221167 0.682667 0.007 0.008
0 0.083 0.794667 0.00666667 0.00733333
0 0.639667 0.385833 0.008 0.007
0 0.343667 0.839833 0.008 0.009
0 0.239333 0.376 0.00466667 0.00533333
0 0.433167 0.114167 0.007 0.00833333
0 0.382333 0.126167 0.00466667 0.005
0 0.754833 0.587833 0.009 0.009
0 0.975833 0.5635 0.009 0.00966667
0 0.626333 0.816667 0.008 0.00733333
0 0.9755 0.609333 0.00633333 0.00666667
0 0.986333 0.84 0.00666667 0.00733333
0 0.986667 0.4115 0.008 0.00766667
0 0.517667 0.561333 0.008 0.00866667
0 0.133167 0.8345 0.00633333 0.00633333
0 0.280667 0.917 0.00533333 0.00533333
0 0.996833 0.530333 0.00633333 0.00533333
0 0.362667 0.515667 0.006 0.00666667
0 0.951667 0.773333 0.00666667 0.00666667
0 0.970667 0.650333 0.00666667 0.00733333
0 0.267333 0.838667 0.006 0.00733333
0 0.285667 0.904 0.01 0.01
0 0.5305 0.251167 0.007 0.00833333
0 0.3445 0.843667 0.0116667 0.0133333
0 0.0383333 0.4335 0.0106667 0.0103333
0 0.580333 0.700167 0.00933333 0.00766667
0 0.608 0.498167 0.00666667 0.00833333
0 0.7555 0.299833 0.009 0.009
0 0.813833 0.0231667 0.00833333 0.00833333
0 0.9775 0.8235 0.00833333 0.00833333
0 0.622667 0.559333 0.00933333 0.008
0 0.895 0.938 0.00933333 0.01
0 0.2595 0.892833 0.009 0.011
0 0.884667 0.118833 0.008 0.00966667
0 0.813667 0.3055 0.00733333 0.009
0 0.899333 0.192333 0.008 0.012
0 0.385 0.0551667 0.00733333 0.00833333
0 0.369 0.0313333 0.006 0.00733333
0 0.5865 0.366833 0.00766667 0.0103333
0 0.202833 0.891833 0.007 0.00833333
0 0.0751667 0.0848333 0.00833333 0.009
0 0.106 0.157167 0.00866667 0.009
0 0.8585 0.3835 0.00833333 0.00833333
0 0.612333 0.9185 0.00733333 0.00833333
0 0.625833 0.631 0.00766667 0.00733333
0 0.422167 0.7025 0.00966667 0.00766667
0 0.473667 0.911333 0.008 0.008
0 0.710667 0.823333 0.00666667 0.00733333
0 0.257 0.268667 0.00666667 0.008
0 0.760167 0.479667 0.009 0.01
0 0.697667 0.778167 0.00666667 0.00966667
0 0.214833 0.896 0.00766667 0.01
0 0.666333 0.8615 0.008 0.009
0 0.842333 0.4905 0.00933333 0.007
0 0.682333 0.544333 0.008 0.00866667
0 0.884667 0.692167 0.00666667 0.00833333
0 0.434333 0.7665 0.00666667 0.009
0 0.144333 0.183667 0.008 0.00933333
0 0.0923333 0.0758333 0.00866667 0.009
0 0.118833 0.572167 0.009 0.00833333
0 0.5725 0.990833 0.007 0.00633333
0 0.861333 0.330667 0.00733333 0.008
0 0.213 0.1375 0.008 0.00833333
0 0.6295 0.782 0.00766667 0.00933333
0 0.884 0.309833 0.00933333 0.00833333
0 0.721 0.792 0.00666667 0.008
0 0.616 0.882833 0.00866667 0.00833333
0 0.551333 0.729833 0.00933333 0.009
0 0.676167 0.110167 0.00833333 0.009
0 0.611333 0.848 0.006 0.00866667
0 0.856667 0.279333 0.0106667 0.00933333
0 0.550333 0.544333 0.00866667 0.00866667
0 0.787833 0.2025 0.007 0.00833333
0 0.595 0.857167 0.0106667 0.0123333
0 0.281167 0.123667 0.00833333 0.008
0 0.365667 0.0916667 0.00733333 0.00666667
0 0.0113333 0.696667 0.00666667 0.00733333
0 0.560667 0.6225 0.00933333 0.00966667
0 0.204833 0.1505 0.0116667 0.0116667
0 0.6385 0.743167 0.009 0.009
