0 0.739333 0.399167 0.00933333 0.0136667
0 0.862667 0.530833 0.0113333 0.011
0 0.455167 0.307167 0.009 0.0136667
0 0.577833 0.346167 0.00766667 0.009
0 0.657833 0.597167 0.011 0.009
0 0.3855 0.389333 0.007 0.00933333
0 0.518167 0.929167 0.00633333 0.00766667
0 0.453667 0.227167 0.0106667 0.013
0 0.808 0.491167 0.00666667 0.007
0 0.665833 0.744667 0.00766667 0.00733333
0 0.898333 0.1635 0.006 0.00633333
0 0.586167 0.266833 0.00766667 0.007
0 0.6445 0.522167 0.00833333 0.00766667
0 0.774 0.669667 0.00733333 0.00733333
0 0.782167 0.7095 0.00833333 0.009
0 0.336333 0.975 0.0106667 0.00866667
0 0.584 0.225167 0.00866667 0.00766667
0 0.7345 0.800667 0.00766667 0.008
0 0.215667 0.663 0.01 0.00866667
0 0.5655 0.985 0.007 0.008
0 0.541 0.763 0.008 0.008
0 0.393333 0.444167 0.00733333 0.00966667
0 0.356 0.9825 0.008 0.009
0 0.5695 0.167333 0.00766667 0.0106667
0 0.562333 0.872167 0.008 0.00833333
0 0.7005 0.735 0.0103333 0.008
0 0.470167 0.552167 0.0103333 0.0103333
0 0.332667 0.6195 0.00666667 0.00766667
0 0.6155 0.906167 0.00833333 0.00766667
0 0.4645 0.774333 0.00966667 0.01
0 0.4165 0.98 0.009 0.00866667
0 0.555 0.571 0.00933333 0.012
0 0.564333 0.743167 0.008 0.00766667
0 0.473167 0.925667 0.007 0.008
0 0.075 0.917333 0.01 0.0113333
0 0.352667 0.577667 0.00666667 0.00733333
0 0.492833 0.605833 0.00966667 0.00833333
0 0.445667 0.712333 0.008 0.00866667
0 0.0436667 0.887667 0.01 0.0106667
0 0.6375 0.857 0.007 0.00666667
0 0.499 0.936333 0.00733333 0.00933333
0 0.419167 0.776 0.00833333 0.00866667
0 0.323833 0.815167 0.00966667 0.009
0 0.466667 0.538 0.00866667 0.01
0 0.434 0.820167 0.00933333 0.00966667
0 0.349333 0.648667 0.00866667 0.00866667
0 0.287167 0.751667 0.00833333 0.01
0 0.506833 0.7175 0.007 0.00833333
0 0.687 0.298667 0.0113333 0.0113333
0 0.461833 0.452 0.011 0.00866667
0 0.3935 0.871667 0.0103333 0.012
0 0.370833 0.758 0.00966667 0.01
