0 0.456833 0.490333 0.0216667 0.02
0 0.529833 0.472667 0.0196667 0.0173333
0 0.326833 0.346167 0.0143333 0.0123333
0 0.811167 0.607667 0.0136667 0.0146667
0 0.950833 0.094 0.0163333 0.0166667
0 0.215333 0.918167 0.0186667 0.0203333
0 0.619333 0.646 0.02 0.0146667
0 0.493167 0.307167 0.0163333 0.0203333
0 0.796167 0.271667 0.0216667 0.0186667
0 0.6105 0.548333 0.023 0.0186667
0 0.908833 0.364833 0.0143333 0.019
0 0.529167 0.527333 0.0176667 0.02
0 0.662333 0.192833 0.016 0.0156667
0 0.4845 0.600333 0.021 0.0193333
0 0.8535 0.565 0.0203333 0.0173333
0 0.687333 0.552167 0.0193333 0.0223333
