0 0.705 0.945667 0.01 0.016
0 0.568167 0.270167 0.0183333 0.013
0 0.576167 0.273 0.0163333 0.012
0 0.368833 0.482667 0.00833333 0.008
0 0.577833 0.786333 0.017 0.0153333
0 0.804167 0.260167 0.0163333 0.0123333
0 0.738333 0.888667 0.016 0.0173333
0 0.6755 0.11 0.0183333 0.0186667
0 0.811333 0.347667 0.0113333 0.0113333
0 0.989 0.4365 0.0106667 0.0123333
0 0.5875 0.427833 0.0143333 0.0176667
0 0.713667 0.280167 0.014 0.011
0 0.614667 0.778667 0.0106667 0.018
0 0.741667 0.208333 0.0166667 0.0133333
0 0.467667 0.3505 0.0186667 0.0156667
0 0.4945 0.859833 0.00966667 0.013
0 0.667833 0.933333 0.0136667 0.0153333
0 0.8165 0.7855 0.0183333 0.0176667
0 0.694167 0.859333 0.019 0.0153333
0 0.873 0.808333 0.018 0.022
0 0.413667 0.331167 0.0173333 0.0156667
0 0.6 0.580667 0.0193333 0.0126667
0 0.511667 0.558167 0.0173333 0.0123333
0 0.7575 0.282667 0.0216667 0.0173333
0 0.644667 0.650833 0.012 0.0156667
0 0.505 0.2655 0.0186667 0.015
0 0.482 0.4945 0.0206667 0.0156667
0 0.387333 0.6625 0.0166667 0.0123333
0 0.442333 0.309333 0.0186667 0.0206667
0 0.3965 0.636667 0.0176667 0.016
0 0.791 0.390667 0.016 0.0166667
0 0.4185 0.774 0.017 0.0113333
0 0.727833 0.3835 0.019 0.0163333
