0 0.925667 0.401833 0.02 0.019
0 0.378667 0.7045 0.0133333 0.0196667
0 0.564333 0.151333 0.0273333 0.0186667
0 0.207 0.273667 0.024 0.03
0 0.368167 0.484667 0.0143333 0.0206667
0 0.0813333 0.103833 0.026 0.0236667
0 0.8285 0.487667 0.0163333 0.018
0 0.684333 0.387833 0.018 0.0176667
0 0.344167 0.467 0.017 0.0206667
0 0.0353333 0.9345 0.0133333 0.011
0 0.670667 0.4975 0.0173333 0.0196667
0 0.416667 0.150667 0.0233333 0.0233333
0 0.309 0.111667 0.0273333 0.0286667
0 0.566333 0.561833 0.0206667 0.019
