0 0.609833 0.245 0.005 0.00533333
0 0.891833 0.513833 0.005 0.005
0 0.8065 0.667833 0.00566667 0.00566667
0 0.949833 0.517333 0.00566667 0.006
0 0.8895 0.548167 0.00433333 0.00433333
0 0.5735 0.379833 0.005 0.005
0 0.434167 0.423833 0.007 0.007
0 0.6455 0.459 0.00766667 0.00866667
0 0.991167 0.8835 0.00966667 0.013
0 0.731833 0.495667 0.011 0.0126667
0 0.397667 0.326333 0.00733333 0.008
0 0.895167 0.498 0.00566667 0.006
0 0.486 0.4655 0.00733333 0.00766667
0 0.697 0.203833 0.00933333 0.0103333
0 0.196667 0.260833 0.0173333 0.0183333
0 0.982333 0.942333 0.0106667 0.01
0 0.682333 0.220667 0.00666667 0.008
0 0.539 0.700833 0.00933333 0.00833333
0 0.791333 0.488833 0.0133333 0.00966667
0 0.339 0.5605 0.01 0.013
0 0.771167 0.0548333 0.0143333 0.0143333
0 0.762167 0.440333 0.0116667 0.0126667
0 0.932833 0.5485 0.0116667 0.0123333
0 0.702167 0.77 0.011 0.014
0 0.275667 0.0228333 0.0126667 0.015
0 0.342833 0.0828333 0.0156667 0.0176667
0 0.502833 0.129 0.0136667 0.0126667
0 0.656833 0.277167 0.0116667 0.0116667
0 0.817167 0.944333 0.0196667 0.022
0 0.699833 0.624833 0.0123333 0.013
0 0.661833 0.489333 0.011 0.0153333
0 0.338333 0.548667 0.00866667 0.0106667
0 0.296333 0.3855 0.0133333 0.0183333
0 0.5325 0.421 0.013 0.0146667
0 0.67 0.407667 0.0113333 0.01
0 0.393333 0.304833 0.022 0.0183333
0 0.391 0.811167 0.0113333 0.013
0 0.688667 0.0935 0.0106667 0.0123333
0 0.472833 0.901 0.0143333 0.0146667
0 0.536167 0.187333 0.0116667 0.0133333
0 0.4315 0.768667 0.013 0.014
0 0.556833 0.765333 0.013 0.0153333
0 0.720167 0.6885 0.0143333 0.0156667
0 0.477 0.083 0.0133333 0.0153333
0 0.536 0.83 0.0173333 0.018
0 0.7235 0.0428333 0.0136667 0.0103333
0 0.397333 0.534667 0.0146667 0.0113333
0 0.601 0.212 0.012 0.0133333
0 0.509833 0.241667 0.0143333 0.0166667
0 0.411167 0.782 0.0143333 0.014
0 0.519333 0.0851667 0.0146667 0.013
0 0.657333 0.567333 0.0133333 0.0186667
0 0.529333 0.746 0.016 0.0193333
0 0.428667 0.875667 0.016 0.018
0 0.966667 0.8925 0.0226667 0.0236667
0 0.4165 0.577833 0.013 0.0103333
0 0.536667 0.5015 0.0126667 0.015
