0 0.722167 0.570667 0.007 0.00733333
0 0.5985 0.0295 0.011 0.011
0 0.869167 0.290167 0.0103333 0.0103333
0 0.9165 0.225333 0.00833333 0.008
0 0.872167 0.405333 0.00766667 0.00866667
0 0.710333 0.659167 0.00533333 0.00566667
0 0.2625 0.606 0.00833333 0.00733333
0 0.0885 0.121833 0.00633333 0.007
0 0.0998333 0.113833 0.00566667 0.00566667
0 0.717667 0.4015 0.00533333 0.00566667
0 0.436667 0.72 0.00666667 0.00666667
0 0.758167 0.441333 0.00566667 0.006
0 0.0045 0.1935 0.007 0.007
0 0.656833 0.693 0.00766667 0.0106667
0 0.809833 0.922 0.007 0.00666667
0 0.2855 0.465667 0.007 0.00666667
0 0.113333 0.0918333 0.00533333 0.00633333
0 0.5585 0.5865 0.00833333 0.00833333
0 0.477833 0.983667 0.005 0.006
0 0.7255 0.573833 0.007 0.00833333
0 0.406333 0.208167 0.008 0.00966667
0 0.0106667 0.214333 0.0106667 0.01
0 0.689667 0.575 0.006 0.00733333
0 0.694833 0.552167 0.00633333 0.00633333
0 0.0891667 0.124833 0.00766667 0.0116667
0 0.144833 0.413167 0.005 0.00566667
0 0.2605 0.449667 0.00633333 0.006
0 0.287667 0.8875 0.006 0.007
0 0.00916667 0.747333 0.00566667 0.00666667
0 0.633167 0.449 0.00833333 0.0106667
0 0.425333 0.185333 0.00666667 0.00733333
0 0.297333 0.959 0.008 0.00866667
0 0.420167 0.221 0.00833333 0.0106667
0 0.758833 0.4315 0.00633333 0.007
0 0.560833 0.644333 0.007 0.00733333
0 0.658 0.694667 0.006 0.006
0 0.723833 0.408333 0.00566667 0.006
0 0.704333 0.5565 0.00666667 0.007
0 0.185667 0.762667 0.0113333 0.01
0 0.337 0.893167 0.00733333 0.00766667
0 0.669333 0.273 0.00733333 0.008
0 0.736333 0.533 0.008 0.008
0 0.736833 0.937833 0.005 0.005
0 0.114833 0.958833 0.00566667 0.00566667
0 0.400667 0.110333 0.00666667 0.008
0 0.753833 0.558 0.00633333 0.00733333
0 0.720333 0.430333 0.00666667 0.00733333
0 0.1055 0.365833 0.00633333 0.00766667
0 0.6105 0.6415 0.00633333 0.007
0 0.752833 0.827 0.005 0.00466667
0 0.951833 0.0688333 0.0103333 0.0103333
0 0.181 0.210167 0.00866667 0.011
0 0.157667 0.2405 0.00733333 0.00966667
0 0.286 0.566667 0.006 0.008
0 0.348667 0.930333 0.008 0.00733333
0 0.580667 0.649167 0.00733333 0.00833333
0 0.1745 0.983833 0.007 0.00766667
0 0.742 0.551833 0.00733333 0.007
0 0.673167 0.6755 0.00566667 0.00633333
0 0.108 0.657667 0.006 0.00666667
0 0.385333 0.967833 0.006 0.007
0 0.238667 0.8145 0.006 0.007
0 0.615167 0.632333 0.00566667 0.006
0 0.7275 0.575167 0.00566667 0.00633333
0 0.826333 0.221 0.01 0.00933333
0 0.688167 0.576333 0.00566667 0.006
0 0.185333 0.705833 0.0106667 0.011
0 0.4525 0.0401667 0.00966667 0.00966667
0 0.8755 0.7865 0.007 0.007
0 0.6555 0.688667 0.00566667 0.006
0 0.442833 0.461833 0.009 0.0103333
0 0.0911667 0.788 0.00766667 0.008
0 0.514167 0.302667 0.00766667 0.008
0 0.0221667 0.2375 0.00633333 0.00633333
0 0.00433333 0.24 0.006 0.00666667
0 0.672667 0.575 0.006 0.006
0 0.913667 0.758667 0.00666667 0.006
0 0.807833 0.865 0.005 0.00533333
0 0.973833 0.1175 0.00833333 0.00833333
0 0.71 0.550833 0.006 0.00766667
0 0.63 0.623167 0.00666667 0.00766667
0 0.354333 0.903 0.008 0.008
0 0.0696667 0.215667 0.00666667 0.00666667
0 0.352833 0.276833 0.00633333 0.00766667
0 0.139833 0.269167 0.00833333 0.00833333
0 0.146333 0.366 0.008 0.00733333
0 0.786 0.790833 0.00666667 0.007
0 0.425667 0.408833 0.00666667 0.00766667
0 0.8695 0.7475 0.00633333 0.007
0 0.074 0.147333 0.00933333 0.01
0 0.734667 0.403 0.006 0.00733333
0 0.0975 0.386167 0.00566667 0.007
0 0.6925 0.5705 0.00633333 0.00633333
0 0.0803333 0.521833 0.00666667 0.00766667
0 0.709333 0.671333 0.00533333 0.006
0 0.126833 0.44 0.007 0.008
0 0.274667 0.977 0.00666667 0.008
0 0.0905 0.0963333 0.007 0.008
0 0.606333 0.592833 0.008 0.009
0 0.115833 0.4005 0.00766667 0.00766667
0 0.244333 0.374333 0.006 0.006
0 0.635333 0.403833 0.00866667 0.00966667
0 0.289 0.128 0.00666667 0.00933333
0 0.641 0.549833 0.0113333 0.00966667
0 0.0745 0.2025 0.00766667 0.00966667
0 0.5185 0.979833 0.007 0.007
0 0.489667 0.896167 0.00666667 0.007
0 0.1115 0.422333 0.00766667 0.008
0 0.2655 0.892167 0.00766667 0.007
0 0.507167 0.427167 0.009 0.009
0 0.4295 0.422 0.00766667 0.00933333
0 0.594 0.978833 0.006 0.007
0 0.6345 0.302 0.00833333 0.01
0 0.660333 0.623 0.006 0.006
0 0.525833 0.204833 0.00833333 0.009
0 0.332 0.1595 0.00733333 0.00833333
0 0.634833 0.3405 0.00833333 0.00833333
0 0.263833 0.831333 0.007 0.00666667
0 0.200333 0.544167 0.008 0.00833333
0 0.828833 0.9665 0.00633333 0.007
0 0.3165 0.783 0.00633333 0.00866667
0 0.327667 0.931667 0.00733333 0.00933333
0 0.57 0.379833 0.00866667 0.0103333
0 0.6 0.339167 0.01 0.00966667
0 0.508833 0.169 0.00966667 0.00866667
0 0.943 0.636 0.0106667 0.00933333
0 0.479 0.0251667 0.00933333 0.0116667
0 0.6605 0.448167 0.009 0.0103333
0 0.0595 0.5385 0.00766667 0.00766667
0 0.731167 0.552667 0.007 0.006
0 0.239833 0.654833 0.011 0.0103333
0 0.315333 0.8445 0.008 0.009
0 0.680333 0.2565 0.008 0.00966667
0 0.632833 0.362167 0.00833333 0.0103333
0 0.1185 0.513333 0.007 0.008
0 0.506333 0.0876667 0.008 0.0106667
0 0.9705 0.635667 0.007 0.00933333
0 0.7495 0.537833 0.007 0.00766667
0 0.6325 0.149333 0.00966667 0.012
0 0.424833 0.135667 0.00966667 0.01
0 0.743167 0.579667 0.007 0.00733333
