0 0.4225 0.0896667 0.00433333 0.00533333
0 0.629833 0.240167 0.00433333 0.005
0 0.4375 0.112167 0.005 0.005
0 0.887667 0.5405 0.004 0.00433333
0 0.812667 0.5295 0.006 0.00566667
0 0.595667 0.222 0.00533333 0.006
0 0.857333 0.552333 0.00533333 0.00533333
0 0.898 0.5125 0.00466667 0.005
0 0.444833 0.134167 0.00633333 0.007
0 0.525833 0.654167 0.007 0.007
0 0.530833 0.364833 0.00366667 0.00366667
0 0.402333 0.508833 0.00733333 0.00833333
0 0.832167 0.672167 0.00566667 0.00566667
0 0.8485 0.637167 0.005 0.00433333
0 0.527833 0.763667 0.00566667 0.006
0 0.6335 0.483167 0.00766667 0.00633333
0 0.6265 0.407833 0.00433333 0.00433333
0 0.588167 0.658667 0.00566667 0.006
0 0.5545 0.279 0.005 0.00533333
0 0.404333 0.7305 0.00666667 0.007
0 0.508667 0.337333 0.006 0.006
0 0.5065 0.368667 0.00566667 0.006
0 0.545833 0.3325 0.005 0.005
0 0.2525 0.304667 0.00766667 0.00866667
0 0.553167 0.234833 0.00433333 0.005
0 0.600667 0.251833 0.00466667 0.005
0 0.996 0.439167 0.00666667 0.00633333
0 0.241333 0.856833 0.00866667 0.0103333
0 0.545833 0.3825 0.00433333 0.005
0 0.866667 0.543167 0.00466667 0.005
0 0.364167 0.162167 0.00633333 0.007
0 0.5815 0.339167 0.005 0.005
0 0.451667 0.222 0.00733333 0.00733333
0 0.592667 0.428667 0.00466667 0.00466667
0 0.182333 0.572167 0.006 0.00566667
0 0.620167 0.195 0.005 0.00533333
0 0.827 0.7235 0.006 0.00633333
0 0.5085 0.458833 0.00566667 0.00633333
0 0.651667 0.291167 0.006 0.00633333
0 0.873833 0.61 0.005 0.00466667
0 0.570667 0.4505 0.00533333 0.005
0 0.526667 0.403167 0.00466667 0.00433333
0 0.691833 0.3695 0.013 0.00833333
0 0.3315 0.747333 0.00633333 0.00666667
0 0.318 0.922 0.00733333 0.008
0 0.632 0.592333 0.006 0.00666667
0 0.278833 0.213333 0.007 0.00733333
0 0.872 0.590333 0.00533333 0.006
0 0.619667 0.1615 0.00666667 0.007
0 0.483333 0.983167 0.00733333 0.009
0 0.581 0.828667 0.008 0.00866667
0 0.329833 0.122833 0.0163333 0.0183333
0 0.924667 0.388 0.018 0.016
0 0.665333 0.782167 0.0133333 0.0223333
0 0.450833 0.932833 0.0116667 0.015
0 0.591833 0.988833 0.019 0.019
0 0.196 0.405333 0.0166667 0.0153333
0 0.603333 0.904167 0.0166667 0.015
0 0.3055 0.5015 0.0116667 0.0183333
0 0.493833 0.212 0.00966667 0.0146667
0 0.290667 0.3125 0.0193333 0.0176667
0 0.391667 0.340167 0.02 0.0196667
0 0.2295 0.1935 0.0143333 0.015
0 0.261833 0.8915 0.021 0.017
0 0.349 0.806333 0.0173333 0.0226667
0 0.74 0.955167 0.0173333 0.0223333
0 0.590333 0.618167 0.0166667 0.0136667
0 0.5365 0.855 0.019 0.0273333
