0 0.595 0.575 0.0113333 0.0113333
0 0.949833 0.265833 0.007 0.00633333
0 0.489333 0.755 0.0113333 0.012
0 0.433167 0.00283333 0.00766667 0.00566667
0 0.903 0.764833 0.00533333 0.00633333
0 0.0025 0.693333 0.005 0.00733333
0 0.438667 0.981833 0.008 0.00766667
0 0.236667 0.966833 0.008 0.00966667
0 0.221 0.521 0.006 0.006
0 0.395667 0.6135 0.0126667 0.011
0 0.463333 0.99 0.00866667 0.00866667
0 0.101 0.355667 0.00866667 0.008
0 0.310667 0.757167 0.00933333 0.011
0 0.715 0.0758333 0.00666667 0.007
0 0.454833 0.0628333 0.00833333 0.00966667
0 0.909333 0.257833 0.00933333 0.009
0 0.520167 0.819 0.00766667 0.008
0 0.3705 0.772167 0.00966667 0.00833333
0 0.350833 0.399833 0.0103333 0.00833333
0 0.206833 0.895 0.007 0.00666667
0 0.953 0.006 0.006 0.00666667
0 0.446833 0.898 0.011 0.012
0 0.7525 0.1145 0.00633333 0.00633333
0 0.316667 0.168333 0.00733333 0.01
0 0.004 0.124667 0.008 0.01
0 0.612 0.124333 0.00666667 0.00733333
0 0.270667 0.647167 0.006 0.00633333
0 0.0986667 0.4585 0.00866667 0.009
0 0.5175 0.761333 0.011 0.00933333
0 0.109167 0.111333 0.0123333 0.012
0 0.706167 0.227333 0.00633333 0.00733333
0 0.832333 0.189667 0.00533333 0.00666667
0 0.483833 0.081 0.00966667 0.00866667
0 0.172833 0.955167 0.007 0.00966667
0 0.231167 0.307167 0.007 0.00633333
0 0.414667 0.203667 0.0113333 0.014
0 0.406667 0.370167 0.00866667 0.00766667
0 0.2575 0.3155 0.007 0.007
0 0.406167 0.841667 0.0123333 0.0126667
0 0.4425 0.6515 0.0103333 0.00966667
0 0.7565 0.145167 0.00633333 0.00633333
0 0.327667 0.781167 0.012 0.0103333
0 0.850333 0.214833 0.006 0.007
