0 0.150833 0.5375 0.007 0.00833333
0 0.932333 0.341333 0.00666667 0.00666667
0 0.799333 0.631333 0.006 0.00666667
0 0.197667 0.235333 0.00733333 0.01
0 0.627667 0.0111667 0.00666667 0.007
0 0.817333 0.103833 0.00666667 0.00833333
0 0.9275 0.846333 0.00633333 0.00733333
0 0.9955 0.625667 0.00566667 0.006
0 0.3275 0.243667 0.007 0.008
0 0.7495 0.260667 0.00566667 0.00533333
0 0.3265 0.465 0.00766667 0.00933333
0 0.549833 0.0386667 0.00766667 0.008
0 0.750667 0.2465 0.00666667 0.00833333
0 0.509667 0.0886667 0.00733333 0.00733333
0 0.864833 0.426833 0.00566667 0.00633333
0 0.2555 0.126667 0.007 0.00533333
0 0.205167 0.441833 0.00833333 0.00833333
0 0.901667 0.813667 0.00866667 0.008
0 0.814167 0.358333 0.00566667 0.006
0 0.142667 0.8665 0.00533333 0.00566667
0 0.791167 0.536667 0.00566667 0.00666667
0 0.0733333 0.531667 0.00666667 0.008
0 0.8725 0.368833 0.00566667 0.00566667
0 0.393667 0.276667 0.00666667 0.008
0 0.021 0.831 0.00866667 0.00866667
0 0.571667 0.728667 0.00533333 0.006
0 0.8585 0.463333 0.005 0.00533333
0 0.818833 0.342333 0.00633333 0.00666667
0 0.623 0.125667 0.006 0.00666667
0 0.3625 0.0875 0.007 0.00633333
0 0.671333 0.4435 0.00866667 0.0103333
0 0.869 0.2815 0.006 0.00566667
0 0.704333 0.469167 0.00666667 0.00766667
0 0.8715 0.804833 0.00766667 0.009
0 0.4825 0.527 0.00633333 0.00733333
0 0.0801667 0.143833 0.009 0.0103333
0 0.746333 0.231 0.00666667 0.008
0 0.533 0.253 0.00733333 0.00666667
0 0.390333 0.2665 0.00733333 0.009
0 0.194333 0.996833 0.006 0.00566667
0 0.771833 0.482833 0.00633333 0.00633333
0 0.2205 0.1375 0.0116667 0.00833333
0 0.463667 0.386667 0.00666667 0.00933333
0 0.892333 0.499 0.00666667 0.00666667
0 0.924333 0.438833 0.00666667 0.007
0 0.0466667 0.916333 0.008 0.008
0 0.0311667 0.0496667 0.00966667 0.00933333
0 0.357167 0.820333 0.0103333 0.00866667
0 0.883833 0.461667 0.00633333 0.00866667
0 0.489667 0.826333 0.006 0.00733333
0 0.802333 0.25 0.00733333 0.00933333
0 0.583833 0.3055 0.00766667 0.00833333
0 0.900833 0.569833 0.007 0.00833333
0 0.950333 0.446667 0.0106667 0.00866667
0 0.747833 0.326833 0.00566667 0.00633333
0 0.480167 0.619 0.00833333 0.01
0 0.780833 0.2045 0.00766667 0.007
0 0.648667 0.211167 0.00866667 0.00833333
0 0.591333 0.151333 0.00666667 0.00666667
0 0.839667 0.2565 0.00733333 0.007
0 0.518833 0.913167 0.00833333 0.00966667
0 0.236167 0.0898333 0.00766667 0.007
0 0.97 0.493333 0.00733333 0.00733333
0 0.7005 0.46 0.00833333 0.00866667
0 0.300333 0.327167 0.0106667 0.007
0 0.0623333 0.768 0.00733333 0.00733333
0 0.2775 0.9805 0.00766667 0.011
0 0.614333 0.2555 0.00866667 0.0103333
0 0.556167 0.402667 0.00833333 0.008
0 0.705167 0.413167 0.00833333 0.00833333
0 0.425333 0.960333 0.01 0.008
0 0.954333 0.316333 0.00733333 0.00666667
0 0.5585 0.7945 0.009 0.009
0 0.449 0.885333 0.008 0.00866667
0 0.295667 0.480333 0.00866667 0.00733333
0 0.5545 0.303333 0.00833333 0.00933333
0 0.0298333 0.770667 0.00833333 0.00733333
0 0.440333 0.310167 0.008 0.009
0 0.8035 0.301667 0.007 0.008
0 0.193 0.440667 0.00733333 0.008
0 0.498833 0.727167 0.00633333 0.00833333
0 0.8535 0.851 0.00633333 0.00733333
0 0.456 0.300167 0.008 0.009
0 0.600667 0.223333 0.00866667 0.00666667
0 0.6045 0.368 0.00966667 0.008
0 0.473167 0.487667 0.00633333 0.00666667
0 0.981 0.532 0.006 0.00733333
0 0.985833 0.462333 0.00766667 0.00666667
0 0.963333 0.416833 0.008 0.00766667
0 0.279833 0.385333 0.00766667 0.00733333
0 0.778167 0.135667 0.00633333 0.00733333
0 0.210333 0.358833 0.008 0.00766667
0 0.5365 0.807167 0.00766667 0.007
0 0.554333 0.776333 0.00733333 0.01
0 0.945167 0.2955 0.00633333 0.00633333
0 0.108833 0.888333 0.00766667 0.00866667
0 0.901833 0.371 0.00566667 0.006
0 0.375833 0.394833 0.00833333 0.00766667
0 0.5145 0.308167 0.00833333 0.009
0 0.989 0.393667 0.00733333 0.00666667
0 0.522667 0.880833 0.00733333 0.00966667
0 0.454333 0.7325 0.008 0.009
0 0.457 0.800833 0.01 0.011
0 0.457333 0.658833 0.00866667 0.0123333
0 0.370833 0.574333 0.00833333 0.008
0 0.549333 0.899167 0.008 0.0123333
0 0.778667 0.359333 0.00666667 0.00733333
0 0.394333 0.6195 0.00866667 0.011
0 0.610333 0.565167 0.008 0.00766667
0 0.906 0.346 0.006 0.00733333
0 0.5155 0.272833 0.00966667 0.00966667
0 0.867333 0.443833 0.00666667 0.00766667
0 0.9555 0.471667 0.007 0.00733333
0 0.424833 0.740833 0.009 0.0103333
0 0.928167 0.500833 0.00766667 0.00766667
0 0.4655 0.563167 0.00766667 0.007
0 0.582333 0.6125 0.00866667 0.00833333
0 0.523167 0.487167 0.0116667 0.011
0 0.7425 0.5975 0.007 0.007
0 0.5615 0.472167 0.009 0.00966667
0 0.611333 0.632333 0.00733333 0.008
0 0.501833 0.291667 0.009 0.00866667
0 0.179833 0.246833 0.009 0.009
