0 0.4585 0.718833 0.0163333 0.0136667
0 0.260667 0.220667 0.0206667 0.0233333
0 0.902 0.8095 0.02 0.0163333
0 0.484667 0.3085 0.022 0.0216667
0 0.6785 0.753667 0.025 0.0233333
0 0.780667 0.993 0.018 0.014
0 0.6445 0.282 0.013 0.014
0 0.349833 0.507833 0.0256667 0.0216667
0 0.064 0.414333 0.014 0.0206667
0 0.3405 0.594167 0.0203333 0.0283333
0 0.439833 0.173667 0.023 0.0246667
0 0.539 0.848 0.0213333 0.018
0 0.543833 0.583333 0.0236667 0.016
0 0.606167 0.346333 0.0223333 0.0186667
0 0.6025 0.5275 0.0263333 0.021
0 0.0781667 0.137333 0.0176667 0.0193333
