0 0.658333 0.200167 0.00533333 0.00566667
0 0.777333 0.2765 0.004 0.00433333
0 0.743333 0.106667 0.00533333 0.00533333
0 0.807 0.120667 0.00466667 0.00533333
0 0.725167 0.139 0.00566667 0.00666667
0 0.905667 0.135333 0.00533333 0.006
0 0.876833 0.168833 0.00566667 0.00633333
0 0.845 0.206333 0.004 0.004
0 0.8655 0.208667 0.00633333 0.00733333
0 0.7535 0.319167 0.00433333 0.00433333
0 0.648667 0.207833 0.006 0.00633333
0 0.830667 0.223167 0.00466667 0.00433333
0 0.582333 0.2295 0.00666667 0.007
0 0.611 0.162833 0.008 0.00766667
0 0.717333 0.095 0.006 0.00666667
0 0.623667 0.364833 0.00866667 0.009
0 0.687667 0.180167 0.00533333 0.00566667
0 0.829167 0.187667 0.00566667 0.00666667
0 0.724667 0.344 0.00666667 0.008
0 0.244833 0.404333 0.021 0.02
0 0.578 0.212 0.00733333 0.008
0 0.0438333 0.3995 0.0243333 0.0223333
0 0.600833 0.265167 0.00833333 0.00833333
0 0.437833 0.530333 0.0203333 0.022
0 0.8095 0.298167 0.013 0.017
0 0.690667 0.524833 0.0186667 0.0216667
0 0.5035 0.367 0.023 0.016
0 0.348167 0.385 0.0216667 0.0146667
0 0.638333 0.1105 0.012 0.0163333
0 0.501167 0.484 0.0163333 0.0233333
0 0.6485 0.0596667 0.0136667 0.0173333
0 0.363667 0.500833 0.016 0.0183333
