0 0.218833 0.350667 0.0243333 0.018
0 0.2465 0.8265 0.0163333 0.0163333
0 0.245833 0.7325 0.013 0.0103333
0 0.372667 0.111667 0.016 0.0206667
0 0.229 0.596167 0.0173333 0.015
0 0.212333 0.855333 0.012 0.0113333
0 0.304167 0.8465 0.0123333 0.017
0 0.0716667 0.592833 0.0186667 0.0116667
0 0.420333 0.430833 0.016 0.019
0 0.235 0.550833 0.0133333 0.0176667
0 0.504833 0.301667 0.013 0.0113333
0 0.226833 0.342667 0.0196667 0.0153333
0 0.395667 0.4525 0.016 0.0136667
0 0.233833 0.853667 0.0156667 0.0126667
0 0.168 0.695 0.0146667 0.018
0 0.453667 0.1125 0.0253333 0.0223333
0 0.336333 0.0513333 0.0206667 0.0206667
0 0.485833 0.724333 0.013 0.00933333
0 0.201167 0.572 0.0143333 0.0133333
0 0.499333 0.766333 0.0113333 0.0146667
0 0.310167 0.751333 0.015 0.014
0 0.533667 0.753333 0.0146667 0.0153333
0 0.333 0.294667 0.0193333 0.0146667
0 0.249333 0.5935 0.0226667 0.0183333
0 0.499167 0.545167 0.0143333 0.0163333
0 0.427667 0.461833 0.0226667 0.027
0 0.3045 0.611833 0.0156667 0.0176667
0 0.114667 0.495333 0.0186667 0.0126667
0 0.0696667 0.3225 0.022 0.017
0 0.514333 0.596167 0.02 0.015
0 0.310167 0.127167 0.027 0.0183333
0 0.329667 0.201833 0.0173333 0.0183333
0 0.0451667 0.574667 0.015 0.02
0 0.474333 0.709667 0.0146667 0.0146667
0 0.2635 0.401167 0.019 0.0183333
0 0.0645 0.544667 0.0203333 0.0173333
0 0.115167 0.258167 0.0223333 0.019
0 0.399833 0.274833 0.0183333 0.0176667
0 0.499167 0.631 0.0163333 0.0166667
0 0.450333 0.269167 0.014 0.021
0 0.482 0.485167 0.02 0.015
0 0.399 0.311333 0.0166667 0.0166667
0 0.106167 0.298167 0.0223333 0.0183333
0 0.5085 0.359 0.0116667 0.016
0 0.2115 0.609833 0.017 0.0216667
0 0.4545 0.548167 0.017 0.021
