0 0.623833 0.826167 0.023 0.0216667
0 0.365 0.506 0.03 0.026
0 0.739333 0.921833 0.0213333 0.0216667
0 0.653 0.147833 0.0333333 0.029
0 0.574667 0.590833 0.0366667 0.027
0 0.762333 0.801833 0.0193333 0.0203333
0 0.187 0.299167 0.024 0.0236667
0 0.459167 0.487833 0.0376667 0.0403333
0 0.558333 0.428 0.0293333 0.0293333
0 0.487167 0.642833 0.0263333 0.0323333
0 0.909333 0.657167 0.0133333 0.0143333
0 0.825667 0.339167 0.0213333 0.0283333
0 0.260667 0.287333 0.0326667 0.0326667
0 0.427833 0.132333 0.0223333 0.0226667
0 0.656667 0.586167 0.0333333 0.0403333
0 0.878833 0.7115 0.0196667 0.0196667
