0 0.563833 0.658 0.021 0.0206667
0 0.904167 0.838833 0.0123333 0.0123333
0 0.778833 0.480833 0.0136667 0.0163333
0 0.570333 0.143 0.0253333 0.0226667
0 0.177833 0.6695 0.0123333 0.017
0 0.145667 0.239167 0.0233333 0.0203333
0 0.548833 0.984 0.0176667 0.016
0 0.9595 0.37 0.015 0.0173333
0 0.0918333 0.6925 0.019 0.023
0 0.9875 0.836833 0.0143333 0.0196667
0 0.8985 0.173833 0.0156667 0.0183333
0 0.482 0.920167 0.014 0.017
0 0.990833 0.377 0.0183333 0.0206667
0 0.365 0.8435 0.0133333 0.0176667
0 0.617333 0.0646667 0.0133333 0.0133333
0 0.240333 0.707667 0.0133333 0.0153333
0 0.322667 0.720167 0.0113333 0.011
0 0.4255 0.464333 0.0203333 0.018
0 0.270833 0.635667 0.013 0.014
0 0.782167 0.868833 0.0176667 0.0143333
0 0.683167 0.947833 0.013 0.0163333
0 0.636 0.917667 0.014 0.0166667
0 0.547 0.617167 0.028 0.023
0 0.430333 0.482667 0.0253333 0.0273333
0 0.564667 0.153 0.0273333 0.0266667
0 0.617833 0.00983333 0.013 0.0163333
0 0.667333 0.507333 0.0206667 0.0213333
0 0.712167 0.855 0.015 0.0146667
0 0.68 0.7755 0.0173333 0.0143333
0 0.958167 0.786167 0.0156667 0.0183333
0 0.192667 0.5375 0.0193333 0.013
0 0.188167 0.007 0.023 0.014
0 0.457167 0.513667 0.0176667 0.0206667
0 0.337333 0.353167 0.0146667 0.021
0 0.990167 0.2215 0.0176667 0.013
0 0.6705 0.696667 0.0156667 0.0193333
0 0.993333 0.806167 0.0133333 0.0203333
0 0.6045 0.537833 0.023 0.019
0 0.506 0.135333 0.02 0.0186667
0 0.829667 0.713667 0.018 0.016
0 0.89 0.785833 0.018 0.0156667
0 0.8085 0.329833 0.0136667 0.0196667
0 0.528333 0.224833 0.024 0.0183333
0 0.6865 0.805333 0.021 0.0146667
0 0.71 0.877333 0.0126667 0.0193333
0 0.464833 0.01 0.0163333 0.0146667
0 0.300167 0.516167 0.0176667 0.015
0 0.198167 0.712167 0.0176667 0.017
0 0.539833 0.579333 0.0216667 0.0206667
0 0.331333 0.1125 0.016 0.021
0 0.467333 0.0613333 0.0226667 0.02
0 0.984333 0.578 0.022 0.016
0 0.400333 0.684 0.014 0.0173333
0 0.3 0.2985 0.0213333 0.0243333
0 0.956333 0.8605 0.018 0.0203333
0 0.257167 0.5865 0.0136667 0.0176667
0 0.191333 0.4595 0.0186667 0.0163333
0 0.951 0.2745 0.0206667 0.017
0 0.368833 0.08 0.023 0.0226667
0 0.485333 0.580833 0.0233333 0.0223333
0 0.9415 0.819833 0.0163333 0.0243333
0 0.273 0.724167 0.0193333 0.019
0 0.779 0.255833 0.0193333 0.0203333
0 0.565833 0.208 0.029 0.0266667
0 0.274 0.1265 0.0213333 0.0196667
0 0.171667 0.276667 0.0173333 0.02
0 0.8155 0.303333 0.019 0.0206667
0 0.215167 0.249333 0.0236667 0.024
