0 0.328333 0.533667 0.0133333 0.0153333
0 0.4035 0.126167 0.009 0.00966667
0 0.530667 0.740167 0.0206667 0.013
0 0.406 0.094 0.00733333 0.00733333
0 0.5195 0.879833 0.0196667 0.021
0 0.326167 0.523 0.0163333 0.0106667
0 0.747333 0.400333 0.0173333 0.0213333
0 0.296667 0.8075 0.0153333 0.0163333
0 0.1545 0.446667 0.0156667 0.014
0 0.386 0.479333 0.0213333 0.0253333
0 0.211333 0.436 0.0153333 0.0106667
0 0.208833 0.4465 0.0176667 0.0196667
0 0.213667 0.293167 0.0126667 0.0136667
0 0.313667 0.699333 0.012 0.0113333
0 0.217 0.337667 0.0133333 0.01
0 0.294333 0.254167 0.012 0.013
0 0.550667 0.784667 0.014 0.0153333
0 0.481667 0.763 0.0113333 0.0133333
0 0.325667 0.5295 0.0173333 0.0256667
0 0.351 0.118 0.00866667 0.0106667
0 0.821667 0.5755 0.00933333 0.0143333
0 0.785667 0.4305 0.028 0.029
0 0.201 0.1045 0.0153333 0.0196667
0 0.745833 0.035 0.0136667 0.0146667
0 0.795833 0.6465 0.0123333 0.0116667
0 0.317667 0.0141667 0.0133333 0.0136667
0 0.8965 0.338833 0.021 0.0176667
0 0.248833 0.572667 0.0156667 0.012
0 0.324 0.6045 0.0113333 0.0136667
0 0.458667 0.404333 0.0206667 0.014
0 0.679 0.733167 0.0173333 0.0163333
0 0.351167 0.3265 0.0123333 0.0156667
0 0.238667 0.486167 0.0146667 0.013
0 0.252667 0.590833 0.0186667 0.0176667
0 0.750333 0.263833 0.0173333 0.0183333
0 0.287 0.496 0.014 0.0146667
0 0.637667 0.177167 0.0173333 0.0176667
0 0.733333 0.3025 0.02 0.0216667
0 0.773333 0.609833 0.0153333 0.0163333
0 0.422833 0.404333 0.013 0.0153333
0 0.268667 0.478833 0.016 0.011
0 0.289833 0.304 0.0143333 0.0113333
0 0.348667 0.4925 0.0146667 0.0183333
0 0.394167 0.472333 0.0163333 0.022
0 0.374833 0.647833 0.0143333 0.0163333
0 0.568 0.0558333 0.0146667 0.0183333
0 0.535833 0.741667 0.0136667 0.012
0 0.4595 0.471 0.017 0.0173333
0 0.519 0.736667 0.0146667 0.0113333
0 0.472167 0.564333 0.0103333 0.0153333
0 0.4805 0.281167 0.0156667 0.0143333
0 0.666 0.2715 0.0173333 0.0196667
0 0.815667 0.206833 0.02 0.015
0 0.441333 0.307167 0.0133333 0.0156667
0 0.375667 0.486 0.0146667 0.018
