0 0.202667 0.687833 0.0226667 0.0156667
0 0.400833 0.416 0.025 0.0206667
0 0.391667 0.414333 0.0293333 0.024
0 0.374333 0.988833 0.0113333 0.0156667
0 0.335833 0.7985 0.0123333 0.00966667
0 0.634333 0.285333 0.0133333 0.0133333
0 0.632333 0.928833 0.016 0.017
0 0.489 0.251 0.0113333 0.0146667
0 0.456833 0.853 0.0163333 0.022
0 0.319 0.687833 0.0133333 0.011
0 0.377833 0.4325 0.019 0.0156667
0 0.336833 0.288833 0.0136667 0.0156667
0 0.382 0.372667 0.0133333 0.0133333
0 0.6485 0.338167 0.0136667 0.011
0 0.195833 0.568 0.017 0.012
0 0.5895 0.323 0.011 0.014
0 0.546667 0.949167 0.0106667 0.0176667
0 0.183667 0.4905 0.012 0.0163333
0 0.510167 0.820333 0.0136667 0.0126667
0 0.288333 0.572833 0.0173333 0.0163333
0 0.376833 0.952333 0.013 0.0146667
0 0.400167 0.558333 0.013 0.0113333
0 0.514 0.676 0.0113333 0.012
0 0.479 0.646667 0.0126667 0.012
0 0.1915 0.685167 0.0143333 0.013
0 0.640833 0.668667 0.0156667 0.012
0 0.372667 0.494833 0.0246667 0.0163333
0 0.184667 0.5925 0.0126667 0.013
0 0.543167 0.299833 0.0156667 0.0223333
0 0.356833 0.712167 0.019 0.0156667
0 0.593333 0.565167 0.0146667 0.0123333
0 0.571 0.893167 0.0193333 0.015
0 0.503333 0.42 0.0153333 0.0146667
0 0.478667 0.963 0.016 0.0166667
0 0.340167 0.515 0.0163333 0.0106667
0 0.261167 0.681833 0.0156667 0.0136667
0 0.5695 0.533 0.00966667 0.0153333
0 0.368 0.298833 0.0126667 0.0136667
0 0.177 0.6615 0.0126667 0.0116667
0 0.212 0.690833 0.0146667 0.0176667
0 0.509333 0.4515 0.0133333 0.017
0 0.247 0.646833 0.0146667 0.013
0 0.540667 0.64 0.0193333 0.0133333
0 0.43 0.4735 0.0173333 0.0176667
0 0.588 0.491667 0.02 0.016
