0 0.013 0.799833 0.0206667 0.0196667
0 0.579667 0.5025 0.0133333 0.011
0 0.172333 0.807 0.026 0.0226667
0 0.0813333 0.9095 0.0193333 0.019
0 0.554667 0.650667 0.006 0.00666667
0 0.271167 0.205667 0.0116667 0.0126667
0 0.545167 0.664667 0.007 0.008
0 0.1085 0.01 0.0196667 0.02
0 0.0208333 0.885167 0.0223333 0.0203333
0 0.414333 0.843 0.0153333 0.0206667
0 0.068 0.805167 0.0233333 0.0276667
0 0.575 0.691667 0.0133333 0.0166667
0 0.538667 0.829167 0.016 0.0176667
0 0.519667 0.315 0.0166667 0.02
0 0.278667 0.617667 0.0133333 0.02
0 0.564333 0.742333 0.014 0.016
0 0.4015 0.299833 0.0183333 0.0203333
0 0.451 0.540167 0.0126667 0.0136667
0 0.583333 0.585333 0.018 0.0173333
0 0.515167 0.364833 0.0203333 0.015
0 0.0423333 0.130667 0.0266667 0.0246667
0 0.5195 0.530833 0.013 0.0136667
0 0.386167 0.819 0.0176667 0.0186667
0 0.6005 0.56 0.0156667 0.012
0 0.535833 0.529167 0.0156667 0.0116667
0 0.281833 0.112833 0.0256667 0.0223333
0 0.0795 0.3945 0.023 0.0216667
0 0.221333 0.133333 0.0233333 0.0286667
0 0.616167 0.410333 0.023 0.0173333
0 0.512 0.633333 0.0153333 0.0126667
0 0.564333 0.486333 0.016 0.0213333
0 0.535333 0.582333 0.0146667 0.014
