0 0.696 0.115 0.0193333 0.0226667
0 0.4555 0.291333 0.021 0.016
0 0.193333 0.530833 0.014 0.0156667
0 0.617167 0.802 0.0103333 0.016
0 0.807 0.511667 0.00666667 0.00533333
0 0.764333 0.555167 0.0126667 0.0103333
0 0.766 0.486833 0.0113333 0.013
0 0.539167 0.549667 0.0163333 0.0126667
0 0.855667 0.467333 0.014 0.012
0 0.943333 0.606167 0.0133333 0.0136667
0 0.00866667 0.0913333 0.0133333 0.0166667
0 0.253667 0.634833 0.014 0.0123333
0 0.846167 0.490333 0.0123333 0.014
0 0.521 0.562 0.0213333 0.0133333
0 0.861167 0.528833 0.0123333 0.011
0 0.54 0.200333 0.0146667 0.02
0 0.549 0.128667 0.0133333 0.0113333
0 0.710833 0.642833 0.0156667 0.0136667
0 0.786167 0.696167 0.0156667 0.0123333
0 0.8165 0.491833 0.0163333 0.00966667
0 0.475333 0.585333 0.016 0.0186667
0 0.820833 0.45 0.015 0.0133333
0 0.661333 0.543833 0.0146667 0.017
0 0.730667 0.469 0.0133333 0.0133333
0 0.6395 0.341833 0.0263333 0.027
0 0.417167 0.218667 0.015 0.016
0 0.902333 0.58 0.0133333 0.018
0 0.5255 0.311 0.0183333 0.0226667
0 0.618167 0.285167 0.015 0.017
0 0.193667 0.614167 0.018 0.0143333
0 0.320333 0.609 0.02 0.0133333
0 0.682667 0.359833 0.0186667 0.023
0 0.445667 0.465333 0.02 0.018
0 0.6565 0.751333 0.013 0.0113333
0 0.883667 0.573667 0.0146667 0.0126667
0 0.738667 0.510333 0.0126667 0.014
0 0.521 0.342667 0.024 0.024
