0 0.728667 0.769 0.0113333 0.0126667
0 0.851333 0.539333 0.0226667 0.0126667
0 0.562 0.170167 0.00466667 0.005
0 0.402667 0.997333 0.00733333 0.00533333
0 0.318167 0.355333 0.00766667 0.00666667
0 0.00433333 0.278833 0.00866667 0.0123333
0 0.7055 0.673667 0.0183333 0.0233333
0 0.545167 0.13 0.00566667 0.006
0 0.295333 0.6555 0.0193333 0.023
0 0.233 0.6925 0.0146667 0.013
0 0.771833 0.558833 0.00633333 0.00633333
0 0.273833 0.473 0.009 0.0106667
0 0.464333 0.941667 0.0153333 0.02
0 0.921 0.962667 0.01 0.014
0 0.4315 0.710333 0.00633333 0.006
0 0.1765 0.499 0.0156667 0.014
0 0.681 0.0203333 0.014 0.0173333
0 0.565667 0.545333 0.008 0.00866667
0 0.438167 0.926667 0.017 0.02
0 0.9615 0.853167 0.013 0.0163333
0 0.773 0.338333 0.014 0.0126667
0 0.254833 0.9445 0.015 0.0156667
0 0.766667 0.0916667 0.016 0.0153333
0 0.183667 0.797 0.0153333 0.0173333
0 0.856667 0.89 0.0106667 0.014
0 0.716167 0.794667 0.0143333 0.0166667
0 0.408167 0.958667 0.0136667 0.0173333
0 0.723833 0.754667 0.015 0.012
0 0.289833 0.269667 0.0183333 0.0173333
0 0.406 0.435167 0.0206667 0.0163333
0 0.4035 0.276167 0.0136667 0.0176667
0 0.723833 0.741667 0.015 0.0106667
0 0.7825 0.633833 0.013 0.0136667
0 0.638 0.138167 0.0153333 0.0163333
0 0.237167 0.471333 0.015 0.0166667
0 0.917667 0.937167 0.016 0.0176667
0 0.819167 0.3935 0.0156667 0.0183333
0 0.708833 0.083 0.0136667 0.0173333
0 0.378 0.1375 0.014 0.0163333
0 0.755 0.156 0.0133333 0.016
0 0.891667 0.413167 0.0126667 0.0116667
0 0.279833 0.4195 0.0123333 0.0123333
0 0.323167 0.797 0.0123333 0.016
0 0.6095 0.580667 0.019 0.018
0 0.842667 0.540333 0.014 0.0113333
0 0.503 0.772667 0.0133333 0.0166667
0 0.2955 0.7115 0.0183333 0.017
0 0.822167 0.273667 0.0143333 0.0126667
0 0.296167 0.674667 0.0183333 0.016
0 0.319667 0.769 0.0133333 0.0146667
0 0.924667 0.480167 0.0173333 0.013
0 0.43 0.323833 0.016 0.017
0 0.405167 0.343667 0.0136667 0.012
0 0.314167 0.906667 0.0143333 0.0146667
0 0.2825 0.500167 0.015 0.0143333
0 0.7435 0.704 0.011 0.012
0 0.853 0.773 0.014 0.0193333
0 0.290667 0.7755 0.018 0.0156667
0 0.798833 0.432167 0.00966667 0.015
0 0.726833 0.514167 0.00966667 0.011
0 0.348667 0.478833 0.0133333 0.017
0 0.730333 0.203 0.014 0.0153333
0 0.9315 0.787333 0.0136667 0.0166667
0 0.461667 0.466333 0.0166667 0.0173333
0 0.843167 0.678 0.013 0.01
0 0.1315 0.8405 0.017 0.0183333
0 0.316 0.452 0.014 0.012
0 0.860167 0.539167 0.0136667 0.0156667
0 0.611833 0.266333 0.015 0.016
0 0.769167 0.501333 0.0136667 0.0146667
0 0.511167 0.728667 0.013 0.012
0 0.296333 0.648833 0.0186667 0.0136667
0 0.859667 0.597833 0.0133333 0.011
0 0.471 0.700167 0.0133333 0.0163333
0 0.712667 0.683 0.0146667 0.0173333
0 0.535167 0.442 0.0203333 0.018
0 0.456 0.582833 0.0166667 0.0116667
0 0.466333 0.824333 0.0126667 0.0106667
0 0.644667 0.520167 0.0133333 0.0183333
0 0.315 0.831333 0.0166667 0.0166667
0 0.6925 0.707833 0.0156667 0.0136667
0 0.701833 0.666333 0.0163333 0.0146667
0 0.4475 0.564167 0.013 0.0163333
0 0.496833 0.632833 0.017 0.0176667
