0 0.5165 0.241667 0.005 0.00533333
0 0.3105 0.353333 0.00366667 0.004
0 0.5825 0.6645 0.00566667 0.00633333
0 0.290167 0.0763333 0.0123333 0.0133333
0 0.701167 0.624667 0.00633333 0.00733333
0 0.498 0.172 0.00466667 0.00533333
0 0.512667 0.254333 0.006 0.006
0 0.792 0.0163333 0.004 0.00466667
0 0.960833 0.636333 0.00566667 0.00666667
0 0.491 0.584833 0.004 0.00433333
0 0.679833 0.633833 0.007 0.00833333
0 0.3955 0.535667 0.00366667 0.00466667
0 0.200667 0.613 0.00666667 0.00666667
0 0.641333 0.6605 0.006 0.00633333
0 0.620333 0.254333 0.004 0.004
0 0.473833 0.147 0.009 0.008
0 0.776667 0.0603333 0.006 0.00666667
0 0.205167 0.171333 0.00433333 0.00466667
0 0.0116667 0.642167 0.00533333 0.00633333
0 0.089 0.3395 0.00866667 0.00966667
0 0.680667 0.649167 0.006 0.007
0 0.369167 0.587167 0.00766667 0.0136667
0 0.395 0.0223333 0.006 0.006
0 0.183667 0.136167 0.00533333 0.00566667
0 0.618 0.689 0.004 0.00466667
0 0.559167 0.8505 0.00633333 0.00633333
0 0.348167 0.911333 0.007 0.00866667
0 0.294167 0.529833 0.00766667 0.00766667
0 0.491 0.217 0.004 0.004
0 0.357667 0.0431667 0.00666667 0.007
0 0.227833 0.331333 0.00766667 0.00666667
0 0.1455 0.946833 0.00566667 0.00633333
0 0.437167 0.0443333 0.00566667 0.006
0 0.510833 0.231833 0.00566667 0.005
0 0.504167 0.844333 0.007 0.00666667
0 0.274833 0.01 0.011 0.0126667
0 0.350167 0.018 0.00966667 0.00933333
0 0.758333 0.0688333 0.004 0.00433333
0 0.6295 0.739667 0.00766667 0.008
0 0.428167 0.034 0.00566667 0.00666667
0 0.4565 0.359833 0.00833333 0.00966667
0 0.485167 0.413333 0.017 0.016
0 0.225167 0.652833 0.007 0.00833333
0 0.350167 0.655333 0.00633333 0.00666667
0 0.226667 0.864333 0.00533333 0.006
0 0.108667 0.604333 0.00733333 0.00666667
0 0.395 0.0408333 0.006 0.007
0 0.390833 0.581333 0.00566667 0.006
0 0.859167 0.114167 0.005 0.00566667
0 0.382 0.0248333 0.00666667 0.00766667
0 0.537 0.249 0.00533333 0.00533333
0 0.479667 0.263333 0.00533333 0.006
0 0.349333 0.871167 0.006 0.007
0 0.5905 0.255667 0.00366667 0.004
0 0.785167 0.163667 0.00766667 0.00866667
0 0.527667 0.101333 0.00666667 0.00733333
0 0.802667 0.039 0.00466667 0.00466667
0 0.580333 0.0216667 0.008 0.00866667
0 0.451667 0.695667 0.00666667 0.00733333
0 0.491 0.225167 0.00466667 0.005
0 0.363333 0.0965 0.00733333 0.00766667
0 0.284833 0.215833 0.005 0.005
0 0.245667 0.750333 0.006 0.006
0 0.521333 0.843667 0.00933333 0.00933333
0 0.5605 0.259833 0.005 0.00566667
0 0.233833 0.898 0.005 0.00533333
0 0.439667 0.1975 0.00533333 0.00633333
0 0.3685 0.1605 0.005 0.00566667
0 0.3555 0.271667 0.00566667 0.00666667
0 0.556667 0.0128333 0.006 0.007
0 0.452167 0.0995 0.00633333 0.007
0 0.413833 0.213167 0.00433333 0.00433333
0 0.458833 0.473833 0.005 0.005
0 0.384167 0.269667 0.00766667 0.008
0 0.558667 0.748 0.00533333 0.00533333
0 0.463833 0.667833 0.007 0.00766667
0 0.8505 0.0345 0.005 0.005
0 0.238667 0.126333 0.00666667 0.00733333
0 0.380167 0.704833 0.00566667 0.007
0 0.00266667 0.9135 0.00533333 0.00633333
0 0.5845 0.695667 0.005 0.006
0 0.479 0.234333 0.01 0.00933333
0 0.5235 0.0238333 0.00766667 0.009
0 0.1515 0.908667 0.00766667 0.00733333
0 0.329667 0.0695 0.00733333 0.00833333
0 0.4435 0.256833 0.00633333 0.007
0 0.3805 0.0588333 0.00633333 0.007
0 0.500833 0.191167 0.005 0.00633333
0 0.367 0.579 0.006 0.006
0 0.141333 0.583 0.00666667 0.008
0 0.519833 0.39 0.00566667 0.00733333
0 0.512833 0.2025 0.00566667 0.00633333
0 0.373333 0.0781667 0.00733333 0.00766667
0 0.1 0.644333 0.006 0.006
0 0.390833 0.182 0.00566667 0.006
0 0.221333 0.134667 0.00666667 0.00666667
0 0.411167 0.772833 0.00633333 0.007
0 0.460667 0.135667 0.006 0.006
0 0.078 0.434167 0.00733333 0.00766667
0 0.355167 0.165833 0.007 0.00766667
0 0.003 0.831667 0.006 0.00933333
0 0.199833 0.143167 0.00633333 0.00633333
0 0.107667 0.3935 0.00666667 0.00766667
0 0.315833 0.335 0.00633333 0.00733333
0 0.3295 0.0853333 0.007 0.00733333
0 0.278667 0.1965 0.00666667 0.00766667
0 0.989833 0.593 0.00766667 0.008
0 0.421333 0.1385 0.00666667 0.00766667
0 0.389833 0.0825 0.00633333 0.007
0 0.393167 0.725 0.00633333 0.00666667
0 0.343167 0.251333 0.00566667 0.00666667
0 0.364333 0.108 0.00733333 0.008
0 0.550833 0.635833 0.005 0.00566667
0 0.935333 0.758333 0.00666667 0.00866667
0 0.4145 0.133 0.00633333 0.00533333
0 0.2675 0.147667 0.00633333 0.008
0 0.583 0.2635 0.00466667 0.005
0 0.463667 0.560667 0.00666667 0.00666667
0 0.0236667 0.819333 0.006 0.00733333
0 0.6665 0.653333 0.00633333 0.00666667
0 0.428 0.159 0.008 0.00733333
0 0.415167 0.264333 0.00633333 0.006
0 0.180833 0.858667 0.00633333 0.00666667
0 0.374667 0.610333 0.006 0.00533333
0 0.572333 0.0106667 0.00666667 0.00866667
0 0.3775 0.0461667 0.007 0.007
0 0.189167 0.299833 0.00633333 0.007
0 0.365 0.176333 0.00666667 0.008
0 0.276167 0.729167 0.007 0.007
0 0.643 0.689167 0.00733333 0.00833333
0 0.42 0.5 0.006 0.006
0 0.419333 0.09 0.006 0.00733333
0 0.458333 0.066 0.00866667 0.00933333
0 0.584167 0.569833 0.00566667 0.00633333
0 0.435333 0.0765 0.006 0.00633333
0 0.481333 0.6955 0.006 0.00766667
0 0.371833 0.4685 0.005 0.005
0 0.123333 0.414833 0.008 0.00766667
0 0.819167 0.1275 0.00566667 0.00633333
0 0.132667 0.4175 0.00733333 0.00766667
0 0.355667 0.128667 0.00666667 0.00866667
0 0.978 0.7245 0.00733333 0.00633333
0 0.143833 0.933333 0.00566667 0.00666667
0 0.371 0.589833 0.00866667 0.0103333
0 0.541 0.0305 0.008 0.00966667
0 0.404667 0.0598333 0.00733333 0.00766667
0 0.167667 0.802667 0.00666667 0.00666667
0 0.451833 0.2045 0.00566667 0.007
0 0.0235 0.935833 0.007 0.007
0 0.486667 0.546 0.006 0.006
0 0.252167 0.704667 0.00633333 0.00733333
0 0.438333 0.211 0.006 0.00666667
0 0.4635 0.265167 0.00566667 0.00633333
0 0.225167 0.903 0.00633333 0.00733333
0 0.989833 0.673667 0.007 0.00733333
0 0.954333 0.717167 0.008 0.009
0 0.0633333 0.8595 0.006 0.007
0 0.370167 0.546167 0.00566667 0.007
0 0.481833 0.348 0.00766667 0.00733333
0 0.376167 0.531833 0.00766667 0.00766667
0 0.411167 0.144833 0.00633333 0.007
0 0.216333 0.989667 0.00666667 0.00733333
0 0.116833 0.9505 0.007 0.00633333
0 0.5075 0.603833 0.007 0.007
0 0.052 0.644833 0.006 0.00633333
0 0.380667 0.439667 0.00666667 0.00666667
0 0.423333 0.233 0.006 0.006
0 0.217333 0.8 0.006 0.00666667
0 0.160333 0.921167 0.00666667 0.007
0 0.142833 0.651667 0.007 0.00666667
0 0.0085 0.923667 0.007 0.00933333
0 0.0283333 0.856333 0.008 0.008
0 0.443833 0.0853333 0.007 0.00866667
0 0.3645 0.034 0.00633333 0.00733333
0 0.190167 0.947333 0.00633333 0.00733333
0 0.422833 0.634667 0.00633333 0.006
0 0.203833 0.393 0.00633333 0.008
0 0.106167 0.782667 0.00766667 0.00933333
0 0.459 0.245 0.006 0.00666667
0 0.0858333 0.647167 0.007 0.007
0 0.236167 0.579 0.00766667 0.00866667
0 0.227167 0.923333 0.007 0.00733333
0 0.964167 0.8005 0.00766667 0.00833333
0 0.4425 0.671333 0.00766667 0.01
