0 0.39 0.9895 0.00533333 0.00633333
0 0.648 0.475333 0.00533333 0.00666667
0 0.581167 0.134667 0.00566667 0.00666667
0 0.198667 0.348167 0.00666667 0.00833333
0 0.798333 0.656667 0.00666667 0.00866667
0 0.570167 0.699333 0.005 0.00533333
0 0.436333 0.519667 0.00333333 0.004
0 0.00616667 0.074 0.00833333 0.00866667
0 0.343167 0.492 0.005 0.00533333
0 0.451 0.653667 0.00733333 0.008
0 0.480667 0.00583333 0.00733333 0.00833333
0 0.0521667 0.2955 0.005 0.00566667
0 0.814167 0.3325 0.005 0.00566667
0 0.766833 0.1745 0.00566667 0.007
0 0.816 0.0453333 0.006 0.00733333
0 0.582667 0.1245 0.00733333 0.00766667
0 0.251833 0.994 0.00633333 0.006
0 0.98 0.312167 0.00533333 0.007
0 0.338167 0.0143333 0.00766667 0.008
0 0.466 0.515667 0.006 0.00666667
0 0.091 0.015 0.00666667 0.00666667
0 0.216167 0.341167 0.00633333 0.00633333
0 0.340667 0.979 0.00533333 0.006
0 0.841 0.0371667 0.00666667 0.007
0 0.025 0.1985 0.00533333 0.00566667
0 0.858 0.980333 0.00533333 0.006
0 0.645 0.372167 0.00866667 0.00766667
0 0.149833 0.750333 0.00566667 0.00533333
0 0.0386667 0.962 0.00533333 0.00666667
0 0.789667 0.3385 0.00533333 0.00566667
0 0.253167 0.0598333 0.00566667 0.00633333
0 0.0111667 0.106833 0.00633333 0.007
0 0.772 0.54 0.00466667 0.00533333
0 0.865167 0.164667 0.00566667 0.006
0 0.710333 0.261 0.006 0.006
0 0.832333 0.989167 0.00533333 0.00633333
0 0.384833 0.688833 0.00633333 0.00633333
0 0.033 0.843167 0.006 0.00566667
0 0.004 0.182667 0.006 0.00666667
0 0.844667 0.364333 0.00733333 0.008
0 0.922167 0.865667 0.007 0.006
0 0.371 0.078 0.00666667 0.00733333
0 0.551833 0.109833 0.007 0.009
0 0.00916667 0.911333 0.00833333 0.00933333
0 0.0435 0.783833 0.007 0.00633333
0 0.700167 0.564833 0.00633333 0.00633333
0 0.027 0.992167 0.006 0.00633333
0 0.313167 0.0743333 0.00766667 0.00866667
0 0.392833 0.0271667 0.007 0.00766667
0 0.997 0.313333 0.006 0.006
0 0.300833 0.0896667 0.00766667 0.00866667
0 0.506833 0.258333 0.00966667 0.00866667
0 0.0863333 0.638 0.00666667 0.00733333
0 0.244833 0.695 0.00566667 0.006
0 0.0438333 0.986333 0.00633333 0.00666667
0 0.824667 0.505333 0.00533333 0.00666667
0 0.579667 0.950167 0.006 0.007
0 0.824333 0.3735 0.00533333 0.005
0 0.8365 0.086 0.00633333 0.00733333
0 0.4315 0.047 0.00766667 0.00866667
0 0.858833 0.140167 0.00633333 0.007
0 0.564 0.971 0.006 0.00666667
0 0.381833 0.036 0.00766667 0.00666667
0 0.716667 0.5085 0.006 0.00633333
0 0.173 0.7875 0.006 0.00566667
0 0.268667 0.6525 0.00666667 0.007
0 0.0638333 0.0935 0.00633333 0.00633333
0 0.0606667 0.1735 0.006 0.007
0 0.848 0.988167 0.00533333 0.00566667
0 0.529 0.145 0.00733333 0.00866667
0 0.522167 0.157333 0.00633333 0.008
0 0.464333 0.103833 0.00666667 0.00633333
0 0.564333 0.206167 0.00733333 0.00966667
0 0.934333 0.965167 0.006 0.007
