0 0.3165 0.241167 0.00433333 0.005
0 0.4055 0.491 0.005 0.00533333
0 0.372833 0.204333 0.005 0.00533333
0 0.308167 0.509333 0.009 0.00933333
0 0.356167 0.213 0.00433333 0.00466667
0 0.463167 0.1525 0.00566667 0.00566667
0 0.6855 0.267167 0.00833333 0.011
0 0.491 0.199833 0.00466667 0.005
0 0.276 0.276833 0.00533333 0.00566667
0 0.342333 0.217333 0.00466667 0.00466667
0 0.003 0.305833 0.006 0.011
0 0.307 0.4945 0.00866667 0.011
0 0.263667 0.319667 0.00533333 0.00533333
0 0.392333 0.529833 0.006 0.007
0 0.117833 0.169333 0.0116667 0.012
0 0.1075 0.510333 0.0156667 0.014
0 0.447167 0.866833 0.00833333 0.0103333
0 0.600667 0.6095 0.00866667 0.0103333
0 0.685833 0.354833 0.0103333 0.0116667
0 0.477833 0.2915 0.0123333 0.00833333
0 0.5905 0.100167 0.00966667 0.0103333
0 0.453667 0.7175 0.00933333 0.00833333
0 0.4755 0.123667 0.0116667 0.012
0 0.382 0.312 0.01 0.00866667
0 0.291167 0.229333 0.009 0.0106667
0 0.4465 0.205167 0.00833333 0.009
0 0.924167 0.0441667 0.011 0.0143333
0 0.443333 0.653833 0.01 0.0116667
0 0.496167 0.482667 0.009 0.0106667
0 0.410167 0.802167 0.0116667 0.0143333
0 0.489667 0.6465 0.0133333 0.0143333
