0 0.363333 0.9035 0.02 0.019
0 0.494167 0.9885 0.00966667 0.0103333
0 0.587833 0.00316667 0.009 0.00633333
0 0.554 0.624833 0.0146667 0.0163333
0 0.2905 0.0085 0.0156667 0.0156667
0 0.3085 0.3615 0.0216667 0.0176667
0 0.881 0.398167 0.0173333 0.017
0 0.3365 0.3955 0.0263333 0.0196667
0 0.0595 0.753667 0.0116667 0.018
0 0.810667 0.5005 0.0173333 0.0236667
0 0.463 0.59 0.02 0.018
0 0.235167 0.586333 0.0123333 0.0186667
0 0.621 0.514833 0.024 0.021
0 0.3075 0.404833 0.013 0.0196667
0 0.281333 0.419833 0.0146667 0.021
0 0.69 0.639333 0.0146667 0.0186667
0 0.171833 0.548167 0.019 0.0176667
0 0.800167 0.199 0.0143333 0.0133333
0 0.590833 0.631833 0.0176667 0.0183333
0 0.106667 0.6 0.0133333 0.0186667
0 0.436667 0.017 0.0146667 0.0166667
0 0.298333 0.483833 0.024 0.0243333
0 0.333 0.875333 0.0173333 0.0173333
0 0.3415 0.253667 0.0236667 0.028
0 0.402 0.757167 0.014 0.0203333
0 0.517667 0.4135 0.022 0.021
0 0.785333 0.324 0.024 0.022
0 0.0451667 0.784167 0.0163333 0.021
0 0.626333 0.298 0.0273333 0.0193333
0 0.356833 0.890833 0.0136667 0.0183333
0 0.289333 0.552333 0.022 0.02
0 0.562667 0.807 0.016 0.0186667
0 0.388167 0.885667 0.021 0.0126667
0 0.367833 0.909667 0.0163333 0.012
0 0.112 0.249667 0.0286667 0.03
0 0.605667 0.0925 0.0213333 0.0183333
0 0.561333 0.297833 0.0233333 0.021
0 0.652167 0.3395 0.0256667 0.025
0 0.6695 0.4025 0.0243333 0.0276667
0 0.303333 0.68 0.0213333 0.0206667
0 0.2075 0.5825 0.0196667 0.0196667
