0 0.394167 0.0623333 0.005 0.00533333
0 0.679 0.0991667 0.00933333 0.00833333
0 0.843667 0.156833 0.00933333 0.0123333
0 0.403167 0.251333 0.007 0.008
0 0.590167 0.245833 0.00633333 0.007
0 0.784167 0.0558333 0.00766667 0.011
0 0.00666667 0.212833 0.00666667 0.007
0 0.732 0.00316667 0.0113333 0.00633333
0 0.945833 0.650167 0.00433333 0.00566667
0 0.888833 0.954667 0.00633333 0.008
0 0.407167 0.198833 0.005 0.00566667
0 0.723667 0.0381667 0.00866667 0.009
0 0.0831667 0.737667 0.007 0.00733333
0 0.714667 0.00316667 0.00933333 0.00633333
0 0.7925 0.839 0.00633333 0.00733333
0 0.475167 0.207 0.00566667 0.006
0 0.542833 0.932667 0.00833333 0.0106667
0 0.9815 0.4625 0.013 0.0123333
0 0.8845 0.186333 0.0103333 0.0113333
0 0.920667 0.615 0.006 0.006
0 0.727833 0.970167 0.005 0.005
0 0.456333 0.132833 0.00533333 0.00633333
0 0.393 0.1915 0.00733333 0.009
0 0.8405 0.147333 0.00766667 0.0126667
0 0.910667 0.6025 0.006 0.00633333
0 0.4575 0.9175 0.00566667 0.00633333
0 0.194167 0.146 0.00766667 0.00733333
0 0.559 0.287167 0.00533333 0.00566667
0 0.9895 0.836333 0.00633333 0.00733333
0 0.694833 0.0668333 0.00633333 0.00833333
0 0.842333 0.152 0.00666667 0.00733333
0 0.565 0.897833 0.00666667 0.00766667
0 0.0331667 0.778667 0.00633333 0.00733333
0 0.9005 0.543667 0.009 0.01
0 0.390333 0.8705 0.008 0.0103333
0 0.820833 0.997167 0.00633333 0.00566667
0 0.3275 0.734 0.00633333 0.00666667
0 0.765333 0.0256667 0.00733333 0.008
0 0.7 0.210833 0.00733333 0.00833333
0 0.887833 0.844833 0.00566667 0.007
0 0.545 0.895833 0.00733333 0.00766667
0 0.811 0.0625 0.0113333 0.0123333
0 0.854 0.00483333 0.0133333 0.00966667
0 0.802667 0.294 0.006 0.00666667
0 0.732667 0.305167 0.006 0.00633333
0 0.863333 0.364667 0.006 0.00666667
0 0.613667 0.919333 0.00666667 0.00666667
0 0.744333 0.354 0.00933333 0.00866667
0 0.827 0.1505 0.008 0.00833333
0 0.299833 0.826167 0.007 0.00766667
0 0.405667 0.249167 0.00666667 0.00766667
0 0.6625 0.008 0.009 0.00933333
0 0.3815 0.185167 0.00766667 0.00966667
0 0.568167 0.71 0.00633333 0.00733333
0 0.848667 0.1615 0.00733333 0.00766667
0 0.706 0.0118333 0.008 0.00766667
0 0.866667 0.182167 0.00933333 0.0103333
0 0.7835 0.8555 0.00766667 0.00766667
0 0.997167 0.797833 0.005 0.00566667
0 0.546 0.7365 0.00733333 0.00633333
0 0.786333 0.0516667 0.008 0.0133333
0 0.026 0.105667 0.00866667 0.00733333
0 0.8905 0.930667 0.007 0.008
0 0.736167 0.0688333 0.00833333 0.009
0 0.712667 0.396667 0.00733333 0.008
0 0.985333 0.353333 0.0113333 0.0113333
0 0.8375 0.9305 0.00566667 0.00633333
0 0.5135 0.806333 0.00633333 0.00733333
0 0.6345 0.645333 0.00766667 0.00866667
0 0.391333 0.8355 0.008 0.009
0 0.514 0.4545 0.00666667 0.00633333
0 0.0055 0.0055 0.011 0.011
0 0.691333 0.0075 0.00866667 0.00833333
0 0.894833 0.267 0.013 0.0113333
0 0.415833 0.622667 0.00633333 0.00733333
0 0.737 0.113 0.00866667 0.00933333
0 0.195333 0.249333 0.00866667 0.008
0 0.531333 0.672333 0.006 0.00733333
0 0.4275 0.443167 0.00566667 0.007
0 0.839 0.144667 0.008 0.00866667
0 0.304333 0.724167 0.00666667 0.00766667
0 0.873 0.8465 0.008 0.00833333
0 0.423 0.285 0.00733333 0.00733333
0 0.371667 0.216333 0.00666667 0.00866667
0 0.783833 0.989833 0.00766667 0.00766667
0 0.306833 0.806667 0.007 0.008
0 0.449333 0.592833 0.006 0.00633333
0 0.432 0.450833 0.00533333 0.00633333
0 0.277667 0.635 0.00733333 0.00733333
0 0.762 0.0625 0.008 0.00966667
0 0.883667 0.964 0.00666667 0.00733333
0 0.771333 0.103167 0.00866667 0.00966667
0 0.703833 0.6265 0.00966667 0.011
0 0.766833 0.506333 0.007 0.00866667
0 0.875 0.929167 0.00666667 0.00833333
0 0.744 0.291167 0.00666667 0.00633333
0 0.826 0.73 0.00733333 0.00733333
0 0.341667 0.970667 0.00666667 0.008
0 0.4855 0.413 0.00566667 0.006
0 0.445833 0.146 0.00566667 0.00533333
0 0.458167 0.906833 0.007 0.009
0 0.772 0.0706667 0.00733333 0.00866667
0 0.291667 0.141 0.006 0.00666667
0 0.849333 0.443167 0.00933333 0.00966667
0 0.8745 0.454833 0.00833333 0.00766667
0 0.888167 0.503667 0.0103333 0.0106667
0 0.7395 0.0148333 0.00833333 0.00766667
0 0.438 0.652667 0.006 0.00666667
0 0.661 0.706167 0.012 0.011
0 0.828167 0.986 0.007 0.00933333
0 0.383167 0.938333 0.007 0.00733333
0 0.919333 0.329 0.0113333 0.0126667
0 0.798333 0.327167 0.00666667 0.00766667
0 0.294833 0.801167 0.007 0.007
0 0.708667 0.4685 0.00866667 0.009
0 0.792667 0.388167 0.00733333 0.009
0 0.8195 0.8135 0.007 0.00766667
0 0.344333 0.821 0.008 0.00866667
0 0.431833 0.156 0.00633333 0.00533333
0 0.869 0.911167 0.00666667 0.00766667
0 0.622333 0.6885 0.00666667 0.00766667
0 0.266667 0.121833 0.00666667 0.009
0 0.829167 0.4145 0.009 0.00833333
0 0.838833 0.129167 0.00833333 0.011
0 0.808 0.347833 0.00733333 0.00766667
0 0.376 0.169833 0.00666667 0.00766667
0 0.772 0.0478333 0.008 0.00833333
0 0.867 0.949333 0.00733333 0.00733333
0 0.809 0.3905 0.00866667 0.00966667
0 0.455667 0.172333 0.00666667 0.00666667
