0 0.891 0.564833 0.0133333 0.00966667
0 0.548667 0.361333 0.00666667 0.008
0 0.6 0.478667 0.018 0.0166667
0 0.943833 0.4375 0.0103333 0.0103333
0 0.927833 0.447833 0.0103333 0.00966667
0 0.2485 0.650167 0.0123333 0.0123333
0 0.882333 0.489333 0.0113333 0.01
0 0.4555 0.7425 0.013 0.013
0 0.119333 0.404167 0.0126667 0.0116667
0 0.771 0.6575 0.012 0.0116667
0 0.833333 0.353167 0.0126667 0.011
0 0.981333 0.505 0.0133333 0.0113333
0 0.711 0.6 0.00933333 0.00933333
0 0.994 0.584833 0.012 0.0183333
0 0.580333 0.4005 0.00733333 0.00766667
0 0.616 0.737667 0.014 0.0113333
0 0.147667 0.422833 0.0126667 0.013
0 0.383667 0.648833 0.0153333 0.013
0 0.279833 0.614667 0.0136667 0.0126667
0 0.0821667 0.373667 0.0116667 0.00866667
0 0.304333 0.64 0.014 0.012
0 0.878167 0.428333 0.00966667 0.01
0 0.4995 0.675167 0.0103333 0.0116667
0 0.5705 0.5455 0.007 0.009
0 0.795167 0.494333 0.00766667 0.012
0 0.375167 0.466833 0.013 0.0123333
0 0.665 0.405 0.00933333 0.012
0 0.274833 0.575667 0.015 0.016
0 0.7215 0.416333 0.00833333 0.01
0 0.0568333 0.455167 0.013 0.0116667
0 0.559333 0.367833 0.01 0.00966667
0 0.506833 0.388167 0.011 0.0103333
0 0.877667 0.556167 0.02 0.0143333
0 0.952333 0.458667 0.0193333 0.0193333
0 0.184833 0.607 0.0216667 0.0213333
0 0.63 0.582167 0.01 0.013
0 0.2265 0.502667 0.0103333 0.0153333
0 0.702667 0.362167 0.0126667 0.0156667
0 0.624667 0.712 0.0133333 0.016
0 0.683667 0.5945 0.0106667 0.00833333
0 0.240833 0.543333 0.013 0.0193333
0 0.501 0.733 0.0126667 0.0106667
0 0.521667 0.361167 0.00933333 0.0103333
0 0.262167 0.51 0.013 0.0166667
0 0.516667 0.596667 0.0106667 0.0106667
0 0.546 0.426667 0.012 0.0126667
0 0.362 0.504833 0.0126667 0.013
0 0.848667 0.490667 0.01 0.0106667
0 0.605 0.481667 0.00933333 0.014
0 0.7375 0.3765 0.0123333 0.0103333
0 0.528667 0.451 0.0126667 0.01
0 0.973833 0.523833 0.011 0.0136667
0 0.510167 0.4295 0.013 0.0103333
0 0.640833 0.4035 0.013 0.013
0 0.593667 0.646167 0.014 0.0116667
0 0.5255 0.620667 0.00966667 0.0146667
0 0.565 0.424 0.0133333 0.0113333
0 0.921167 0.502333 0.0156667 0.0186667
0 0.58 0.597333 0.0106667 0.014
0 0.763333 0.354333 0.0146667 0.0113333
0 0.497667 0.529667 0.0133333 0.0106667
0 0.828833 0.405667 0.013 0.0133333
0 0.440167 0.497833 0.0176667 0.0196667
0 0.447 0.447167 0.0186667 0.013
0 0.676333 0.6345 0.0106667 0.0136667
0 0.5935 0.475167 0.011 0.013
