0 0.316833 0.216167 0.00766667 0.00966667
0 0.0605 0.245167 0.0123333 0.019
0 0.0446667 0.0903333 0.004 0.00533333
0 0.578 0.6825 0.00933333 0.00966667
0 0.544833 0.476333 0.013 0.00933333
0 0.6165 0.564667 0.0116667 0.0126667
0 0.719 0.582 0.0193333 0.0133333
0 0.683 0.621 0.00866667 0.00933333
0 0.723333 0.6225 0.0133333 0.0143333
0 0.341667 0.600833 0.018 0.0203333
0 0.923 0.615667 0.016 0.0133333
0 0.814667 0.502167 0.0126667 0.0116667
0 0.779667 0.532667 0.014 0.0133333
0 0.676167 0.478667 0.00966667 0.0113333
0 0.764833 0.575333 0.0103333 0.0106667
0 0.987167 0.034 0.0123333 0.0113333
0 0.0776667 0.4405 0.0146667 0.0136667
0 0.1695 0.550167 0.0116667 0.0116667
0 0.175667 0.533667 0.0106667 0.0113333
0 0.0511667 0.266167 0.013 0.015
0 0.308 0.662833 0.012 0.0123333
0 0.458667 0.662333 0.01 0.0126667
0 0.396333 0.215167 0.0126667 0.0176667
0 0.3635 0.361 0.015 0.0133333
0 0.473 0.641333 0.0113333 0.0133333
0 0.744833 0.751167 0.009 0.0116667
0 0.445667 0.215833 0.0193333 0.021
0 0.839167 0.451333 0.0136667 0.014
0 0.584833 0.672 0.017 0.0106667
0 0.270833 0.568667 0.0116667 0.0146667
0 0.519667 0.6695 0.00866667 0.013
0 0.679 0.655 0.0126667 0.016
0 0.719 0.671833 0.016 0.0163333
0 0.739333 0.694167 0.0133333 0.0116667
