0 0.7505 0.7105 0.0136667 0.0183333
0 0.00633333 0.887333 0.012 0.0146667
0 0.743 0.861333 0.0173333 0.026
0 0.0408333 0.686333 0.0143333 0.018
0 0.0581667 0.562667 0.019 0.0226667
0 0.0766667 0.0421667 0.0166667 0.0203333
0 0.751 0.627 0.0153333 0.0146667
0 0.264833 0.8605 0.011 0.013
0 0.0485 0.00533333 0.0136667 0.0106667
0 0.5095 0.1385 0.025 0.0263333
0 0.702333 0.916833 0.00933333 0.0103333
0 0.1445 0.159333 0.0283333 0.0293333
0 0.4015 0.962833 0.0116667 0.011
0 0.297333 0.577167 0.02 0.019
0 0.753167 0.2875 0.021 0.025
0 0.141833 0.528167 0.0136667 0.0203333
0 0.1 0.704333 0.0173333 0.016
0 0.513167 0.0915 0.0236667 0.023
0 0.122 0.851833 0.0173333 0.0183333
0 0.364 0.678167 0.024 0.0176667
0 0.107167 0.6635 0.0223333 0.015
0 0.625833 0.356 0.0256667 0.0273333
0 0.39 0.825 0.02 0.0166667
0 0.5815 0.504167 0.0256667 0.0263333
0 0.878 0.141667 0.022 0.022
0 0.74 0.871333 0.0126667 0.0206667
0 0.481833 0.0356667 0.0263333 0.0253333
0 0.6615 0.79 0.0183333 0.0173333
0 0.280667 0.845 0.0193333 0.0153333
0 0.765333 0.2065 0.0246667 0.0263333
0 0.340333 0.371167 0.0286667 0.031
0 0.524833 0.923333 0.021 0.0186667
0 0.710667 0.777 0.0213333 0.0173333
0 0.163167 0.693833 0.0196667 0.0156667
0 0.011 0.561167 0.016 0.0196667
0 0.0438333 0.737167 0.015 0.0143333
0 0.304333 0.662667 0.02 0.0213333
0 0.750333 0.848667 0.0173333 0.0166667
0 0.8065 0.257 0.021 0.028
0 0.319 0.686167 0.0233333 0.019
0 0.151833 0.632667 0.0223333 0.0173333
