0 0.177167 0.7095 0.00966667 0.00966667
0 0.226167 0.7015 0.00966667 0.00966667
0 0.823833 0.509 0.00633333 0.00733333
0 0.0696667 0.4235 0.00866667 0.013
0 0.5615 0.422 0.00766667 0.008
0 0.0645 0.563667 0.00833333 0.008
0 0.1205 0.480667 0.00633333 0.00733333
0 0.302 0.760667 0.0106667 0.012
0 0.6375 0.494833 0.007 0.00766667
0 0.0298333 0.494167 0.00833333 0.0103333
0 0.153667 0.273667 0.01 0.01
0 0.2945 0.785667 0.0103333 0.0113333
0 0.433833 0.266833 0.007 0.00766667
0 0.164167 0.694667 0.0123333 0.0106667
0 0.218167 0.680167 0.00833333 0.00966667
0 0.515167 0.882167 0.00766667 0.00766667
0 0.245833 0.591833 0.009 0.00966667
0 0.121167 0.640833 0.0103333 0.0116667
0 0.84 0.508333 0.00666667 0.008
0 0.195167 0.661667 0.00833333 0.00933333
0 0.865333 0.8285 0.00866667 0.009
0 0.669333 0.703333 0.01 0.01
0 0.813 0.9045 0.00866667 0.0103333
0 0.370333 0.204333 0.00866667 0.008
0 0.4295 0.548833 0.00766667 0.009
0 0.127667 0.513 0.00733333 0.00933333
0 0.851667 0.972333 0.00666667 0.00733333
0 0.765667 0.340167 0.008 0.00766667
0 0.119333 0.8245 0.00866667 0.009
0 0.0761667 0.413167 0.00766667 0.00966667
0 0.254333 0.599833 0.00933333 0.0116667
0 0.498833 0.456833 0.00766667 0.00966667
0 0.177667 0.68 0.0153333 0.014
0 0.328 0.2705 0.00733333 0.009
0 0.495667 0.9755 0.008 0.00833333
0 0.234833 0.5655 0.009 0.0116667
0 0.256167 0.650667 0.013 0.0133333
0 0.321833 0.8335 0.0103333 0.009
0 0.1315 0.680333 0.011 0.0106667
0 0.367833 0.5545 0.00766667 0.009
0 0.251833 0.562167 0.00833333 0.00966667
0 0.132833 0.475167 0.00966667 0.0123333
0 0.309333 0.835167 0.00866667 0.00833333
0 0.723 0.318833 0.00866667 0.007
0 0.343333 0.84 0.00866667 0.00933333
0 0.178 0.364333 0.00933333 0.0113333
0 0.354667 0.336167 0.008 0.0103333
0 0.271 0.628333 0.01 0.0106667
0 0.379 0.584 0.0113333 0.0106667
0 0.270833 0.6105 0.009 0.00966667
0 0.0705 0.211333 0.0116667 0.0106667
0 0.0816667 0.5615 0.00866667 0.00966667
