0 0.835167 0.692667 0.007 0.00666667
0 0.616 0.253167 0.00666667 0.011
0 0.878333 0.0266667 0.0113333 0.0106667
0 0.8685 0.584667 0.0123333 0.01
0 0.128333 0.0138333 0.00866667 0.009
0 0.851 0.8295 0.00533333 0.00633333
0 0.934333 0.3055 0.008 0.00766667
0 0.481333 0.7065 0.00666667 0.00633333
0 0.966333 0.0456667 0.00533333 0.006
0 0.712833 0.635833 0.00633333 0.00633333
0 0.724833 0.876333 0.005 0.00533333
0 0.789333 0.280333 0.00666667 0.006
0 0.959 0.0616667 0.00933333 0.012
0 0.00416667 0.7035 0.007 0.00766667
0 0.250667 0.232333 0.00466667 0.00533333
0 0.671333 0.9815 0.00666667 0.00633333
0 0.108333 0.6995 0.00666667 0.00633333
0 0.943667 0.267333 0.00466667 0.00466667
0 0.976833 0.216167 0.007 0.00766667
0 0.53 0.916 0.008 0.00933333
0 0.0946667 0.4575 0.00466667 0.005
0 0.18 0.731333 0.00666667 0.00666667
0 0.248333 0.191167 0.006 0.00633333
0 0.974167 0.166167 0.00633333 0.00633333
0 0.771167 0.507 0.00633333 0.00733333
0 0.1665 0.567 0.005 0.00533333
0 0.903 0.0358333 0.00866667 0.009
0 0.51 0.786167 0.00533333 0.00633333
0 0.7565 0.499167 0.00833333 0.00966667
0 0.6165 0.1805 0.00633333 0.00833333
0 0.1405 0.8515 0.009 0.00766667
0 0.1835 0.543833 0.005 0.005
0 0.8755 0.189333 0.00633333 0.00733333
0 0.141167 0.3745 0.00766667 0.00633333
0 0.876833 0.0933333 0.007 0.00733333
0 0.606167 0.6915 0.00766667 0.009
0 0.632667 0.397333 0.00866667 0.008
0 0.978667 0.055 0.00666667 0.00666667
0 0.977333 0.9965 0.008 0.007
0 0.152667 0.498 0.00533333 0.00533333
0 0.140333 0.473333 0.00466667 0.00466667
0 0.605667 0.1815 0.00666667 0.009
0 0.213333 0.696333 0.00533333 0.00533333
0 0.0331667 0.938 0.00833333 0.008
0 0.0331667 0.811833 0.00833333 0.00766667
0 0.120333 0.214 0.008 0.00933333
0 0.864 0.352667 0.006 0.006
0 0.0025 0.628167 0.005 0.00766667
0 0.625833 0.604833 0.00633333 0.00766667
0 0.612667 0.485 0.00666667 0.00866667
0 0.771333 0.107333 0.008 0.00933333
0 0.6175 0.608667 0.00633333 0.00866667
0 0.0966667 0.909833 0.00666667 0.007
0 0.531333 0.356167 0.00733333 0.00833333
0 0.756 0.673833 0.0106667 0.00966667
0 0.557333 0.560833 0.00733333 0.00633333
0 0.177333 0.723167 0.00733333 0.00633333
0 0.417667 0.231167 0.00666667 0.00766667
0 0.252667 0.212 0.00533333 0.00533333
0 0.0735 0.144333 0.00766667 0.00733333
0 0.706333 0.403833 0.008 0.00633333
0 0.665667 0.814667 0.00666667 0.00666667
0 0.534667 0.1285 0.00733333 0.00966667
0 0.938167 0.653167 0.009 0.009
0 0.776 0.274167 0.006 0.007
0 0.921667 0.184167 0.00866667 0.00833333
0 0.194167 0.131 0.00766667 0.008
0 0.863667 0.887333 0.008 0.00866667
0 0.257333 0.540833 0.00733333 0.007
0 0.596 0.653167 0.006 0.007
0 0.201333 0.4545 0.00666667 0.00766667
0 0.7095 0.9195 0.007 0.00766667
0 0.188833 0.347333 0.00633333 0.006
0 0.693 0.804667 0.00733333 0.008
0 0.100333 0.493333 0.00733333 0.00666667
0 0.680333 0.0921667 0.00733333 0.00766667
0 0.7295 0.605167 0.007 0.00766667
0 0.714 0.298667 0.00933333 0.00866667
0 0.2055 0.665667 0.007 0.00666667
0 0.606833 0.895167 0.00633333 0.007
0 0.598333 0.6195 0.00666667 0.00833333
0 0.0501667 0.164167 0.00833333 0.00833333
0 0.169167 0.275667 0.00633333 0.00666667
0 0.6265 0.438167 0.009 0.00766667
0 0.430167 0.481833 0.00766667 0.00766667
0 0.392167 0.477167 0.007 0.00833333
0 0.144333 0.434667 0.00666667 0.00733333
0 0.4785 0.1665 0.009 0.0116667
0 0.536667 0.307667 0.00733333 0.01
0 0.7495 0.393667 0.00833333 0.00933333
0 0.011 0.248 0.00733333 0.00933333
0 0.769167 0.470667 0.00633333 0.00733333
0 0.146667 0.594167 0.00733333 0.00766667
0 0.585 0.670333 0.006 0.00666667
0 0.102667 0.259667 0.00866667 0.008
0 0.642833 0.228 0.0103333 0.00866667
0 0.776 0.3045 0.00733333 0.00833333
