0 0.315667 0.635167 0.014 0.0163333
0 0.3335 0.457167 0.005 0.005
0 0.914333 0.234333 0.0233333 0.016
0 0.846833 0.3095 0.0136667 0.0116667
0 0.253 0.6485 0.00733333 0.009
0 0.238333 0.630333 0.00666667 0.00666667
0 0.3205 0.631333 0.0116667 0.0113333
0 0.805 0.517167 0.018 0.0116667
0 0.821 0.572667 0.014 0.0126667
0 0.424167 0.802333 0.0123333 0.0106667
0 0.151167 0.397 0.0116667 0.00933333
0 0.2045 0.501667 0.00966667 0.01
0 0.874833 0.489667 0.0103333 0.0106667
0 0.959 0.378167 0.012 0.0103333
0 0.0546667 0.668833 0.0126667 0.0103333
0 0.799333 0.515167 0.00933333 0.0103333
0 0.611667 0.788833 0.00866667 0.00966667
0 0.874667 0.301833 0.0146667 0.0136667
0 0.450167 0.799667 0.015 0.018
0 0.953333 0.5695 0.016 0.0116667
0 0.162167 0.42 0.00966667 0.01
0 0.615833 0.648 0.0116667 0.00933333
0 0.986 0.296167 0.012 0.011
0 0.675 0.494 0.00733333 0.0113333
0 0.254833 0.6795 0.011 0.0116667
0 0.312167 0.638667 0.0103333 0.0126667
0 0.248167 0.363667 0.00966667 0.00933333
0 0.274667 0.433333 0.0113333 0.0106667
0 0.0878333 0.5825 0.00833333 0.00966667
0 0.745667 0.4545 0.0113333 0.0136667
0 0.905 0.236667 0.014 0.0133333
0 0.809667 0.518333 0.01 0.0106667
0 0.858167 0.371 0.0156667 0.0146667
0 0.6935 0.390167 0.00966667 0.0103333
0 0.2875 0.699833 0.0116667 0.013
0 0.991333 0.346167 0.0133333 0.011
0 0.213 0.462167 0.00933333 0.011
0 0.214833 0.482667 0.013 0.0113333
0 0.0916667 0.597667 0.012 0.0106667
0 0.378 0.560667 0.01 0.0106667
0 0.53 0.591333 0.00933333 0.0106667
0 0.658833 0.713 0.0116667 0.0113333
0 0.619167 0.625167 0.00833333 0.009
0 0.9065 0.292667 0.0143333 0.016
0 0.959833 0.313833 0.013 0.0116667
0 0.8845 0.608833 0.0156667 0.013
0 0.4275 0.718167 0.009 0.011
0 0.877833 0.5275 0.017 0.0156667
0 0.858333 0.494333 0.0133333 0.012
0 0.592167 0.374667 0.00966667 0.0106667
0 0.621667 0.443167 0.0126667 0.0116667
0 0.990333 0.323833 0.0146667 0.011
0 0.922333 0.2345 0.0126667 0.015
0 0.691167 0.4935 0.0143333 0.011
0 0.411333 0.353167 0.0106667 0.009
0 0.5575 0.697167 0.009 0.011
0 0.8725 0.282167 0.0163333 0.015
0 0.582 0.598167 0.00933333 0.0103333
0 0.141333 0.6735 0.0133333 0.00966667
0 0.428167 0.693167 0.00966667 0.0116667
0 0.319667 0.352 0.012 0.0106667
0 0.587667 0.692333 0.0106667 0.0106667
0 0.605167 0.564167 0.011 0.0116667
0 0.646333 0.656667 0.0113333 0.0113333
0 0.640167 0.419667 0.011 0.0126667
0 0.667333 0.390333 0.0113333 0.0126667
0 0.725167 0.6015 0.0123333 0.0143333
0 0.510833 0.401333 0.011 0.0113333
0 0.399167 0.424333 0.0103333 0.0126667
