0 0.0418333 0.851167 0.0103333 0.011
0 0.860667 0.115 0.0206667 0.016
0 0.378833 0.515333 0.0163333 0.0153333
0 0.891167 0.104167 0.019 0.015
0 0.298167 0.467 0.0236667 0.0193333
0 0.728167 0.262333 0.021 0.02
0 0.8635 0.497333 0.0216667 0.0153333
0 0.803333 0.320333 0.0213333 0.0233333
0 0.0125 0.883 0.017 0.0113333
0 0.371833 0.512167 0.0243333 0.0163333
0 0.48 0.5505 0.0113333 0.0136667
0 0.285167 0.466333 0.0216667 0.016
0 0.836333 0.0138333 0.0213333 0.019
0 0.0128333 0.819 0.019 0.0193333
0 0.533667 0.6655 0.0146667 0.015
0 0.480333 0.434167 0.0146667 0.0196667
0 0.0635 0.874667 0.0176667 0.016
0 0.365167 0.553333 0.0183333 0.0186667
0 0.7725 0.655 0.0203333 0.0206667
0 0.801667 0.123667 0.0173333 0.012
0 0.187667 0.310833 0.0233333 0.023
0 0.7725 0.4325 0.0176667 0.017
0 0.499667 0.507 0.014 0.016
0 0.395 0.536333 0.0153333 0.0153333
0 0.637167 0.7595 0.013 0.017
0 0.693167 0.674167 0.017 0.019
0 0.29 0.408167 0.0173333 0.017
0 0.491 0.525167 0.0133333 0.013
0 0.754833 0.200833 0.0203333 0.0243333
0 0.211667 0.358 0.02 0.0173333
0 0.358 0.436333 0.016 0.0126667
0 0.62 0.649833 0.0133333 0.019
0 0.696167 0.632 0.019 0.016
