0 0.608 0.3375 0.0146667 0.019
0 0.532 0.212167 0.0153333 0.0183333
0 0.6055 0.0818333 0.0116667 0.017
0 0.706833 0.0656667 0.0183333 0.0233333
0 0.621 0.608167 0.012 0.0163333
0 0.637833 0.273 0.0116667 0.014
0 0.622833 0.782833 0.0143333 0.0156667
0 0.656833 0.277 0.0136667 0.0153333
0 0.599167 0.832667 0.0136667 0.018
0 0.6565 0.3695 0.017 0.017
0 0.6295 0.412833 0.0156667 0.0136667
0 0.683333 0.042 0.0173333 0.0206667
0 0.655 0.629167 0.0166667 0.017
0 0.599 0.805667 0.0126667 0.0153333
0 0.4975 0.0525 0.0156667 0.0196667
0 0.2725 0.483667 0.017 0.0186667
0 0.224167 0.165 0.0163333 0.0146667
0 0.3985 0.0441667 0.0203333 0.019
0 0.255167 0.281833 0.0283333 0.0236667
0 0.546333 0.246167 0.0153333 0.019
0 0.597667 0.165333 0.014 0.0146667
0 0.333 0.042 0.0226667 0.018
0 0.197667 0.589333 0.0193333 0.0266667
0 0.439333 0.891667 0.0133333 0.0146667
0 0.326333 0.435 0.02 0.0186667
0 0.499 0.3885 0.02 0.021
0 0.563 0.271 0.0133333 0.02
0 0.445833 0.482167 0.019 0.023
0 0.4185 0.543833 0.017 0.021
0 0.392667 0.5835 0.0166667 0.0163333
0 0.157167 0.3735 0.017 0.021
0 0.439167 0.294833 0.0223333 0.023
0 0.2945 0.536667 0.0196667 0.0153333
0 0.412833 0.138167 0.0223333 0.0176667
0 0.335667 0.559833 0.0193333 0.017
0 0.1885 0.647333 0.0216667 0.02
