0 0.719667 0.126167 0.0133333 0.0156667
0 0.615667 0.3385 0.00733333 0.00766667
0 0.964333 0.903833 0.02 0.0196667
0 0.531667 0.823167 0.0133333 0.0136667
0 0.564 0.567167 0.012 0.0103333
0 0.524 0.845 0.0126667 0.012
0 0.664333 0.900167 0.0106667 0.0123333
0 0.121167 0.242167 0.033 0.0323333
0 0.552833 0.154833 0.021 0.0136667
0 0.4225 0.885 0.0176667 0.0193333
0 0.723333 0.123833 0.024 0.0196667
0 0.380167 0.756667 0.0203333 0.0133333
0 0.628167 0.383167 0.0116667 0.0156667
0 0.361333 0.6785 0.0126667 0.013
0 0.426833 0.7635 0.0103333 0.013
0 0.242667 0.292167 0.0253333 0.0183333
0 0.429167 0.0278333 0.0316667 0.029
0 0.344833 0.616833 0.0123333 0.00966667
0 0.292167 0.637333 0.013 0.0106667
0 0.282667 0.430167 0.0166667 0.0196667
0 0.199167 0.267167 0.0216667 0.0216667
0 0.219667 0.1415 0.0286667 0.0236667
0 0.541167 0.7445 0.0136667 0.017
0 0.215333 0.0651667 0.0313333 0.0243333
0 0.415667 0.698 0.018 0.0173333
0 0.6425 0.5015 0.0136667 0.015
0 0.441167 0.591167 0.025 0.0276667
0 0.340167 0.558333 0.0163333 0.0193333
0 0.408 0.2335 0.0246667 0.027
0 0.598833 0.440833 0.0183333 0.0183333
0 0.550167 0.608667 0.0143333 0.014
0 0.433333 0.447667 0.022 0.018
0 0.386667 0.706167 0.014 0.0136667
0 0.478333 0.544667 0.0226667 0.0306667
