0 0.622333 0.412 0.00533333 0.00466667
0 0.430333 0.0216667 0.006 0.006
0 0.764833 0.978667 0.005 0.00533333
0 0.726667 0.592667 0.00666667 0.00733333
0 0.587167 0.6565 0.007 0.00833333
0 0.664667 0.566833 0.006 0.00566667
0 0.698167 0.683167 0.00566667 0.00633333
0 0.930667 0.454 0.00533333 0.006
0 0.685167 0.704 0.007 0.00733333
0 0.897333 0.942333 0.006 0.00666667
0 0.532333 0.799 0.00733333 0.00733333
0 0.0866667 0.951333 0.008 0.01
0 0.511667 0.108667 0.006 0.00666667
0 0.825833 0.954833 0.007 0.00766667
0 0.948333 0.466833 0.006 0.00633333
0 0.773 0.851667 0.006 0.006
0 0.821 0.871 0.004 0.00533333
0 0.0625 0.117 0.007 0.00733333
0 0.645333 0.687667 0.00733333 0.0106667
0 0.700333 0.645 0.00666667 0.00733333
0 0.371667 0.4755 0.006 0.00633333
0 0.866833 0.424333 0.00966667 0.00933333
0 0.475 0.2435 0.00733333 0.00766667
0 0.781167 0.758167 0.005 0.005
0 0.8035 0.907 0.005 0.00533333
0 0.686667 0.702667 0.006 0.00733333
0 0.6445 0.6925 0.009 0.00766667
0 0.834 0.961833 0.00533333 0.00633333
0 0.407667 0.644167 0.00666667 0.009
0 0.250333 0.0326667 0.00866667 0.00866667
0 0.898833 0.597333 0.00633333 0.00666667
0 0.630333 0.120167 0.012 0.0156667
0 0.465667 0.158 0.00466667 0.00533333
0 0.7485 0.962833 0.00433333 0.005
0 0.895 0.542667 0.00666667 0.00666667
0 0.0065 0.840333 0.00833333 0.00866667
0 0.814167 0.855167 0.00566667 0.00633333
0 0.916667 0.166 0.00733333 0.00933333
0 0.252 0.00366667 0.01 0.00733333
0 0.5515 0.490667 0.007 0.00666667
0 0.589167 0.654833 0.007 0.00766667
0 0.840167 0.783333 0.005 0.00533333
0 0.7645 0.714167 0.00566667 0.00633333
0 0.7695 0.945333 0.005 0.00533333
0 0.529333 0.324 0.006 0.00666667
0 0.630667 0.550833 0.00733333 0.007
0 0.533667 0.316167 0.006 0.00566667
0 0.494833 0.642833 0.00766667 0.007
0 0.768667 0.013 0.00666667 0.00666667
0 0.555667 0.989333 0.00933333 0.00933333
0 0.6905 0.620833 0.007 0.00766667
0 0.6385 0.652833 0.00566667 0.00633333
0 0.381167 0.803333 0.00766667 0.00866667
0 0.017 0.866 0.00933333 0.0113333
0 0.641167 0.707 0.00766667 0.008
0 0.787167 0.928333 0.005 0.006
0 0.525667 0.558 0.006 0.006
0 0.770833 0.992333 0.005 0.006
0 0.796 0.784667 0.00533333 0.00533333
0 0.6915 0.11 0.00566667 0.00733333
0 0.723667 0.0186667 0.00533333 0.00533333
0 0.00366667 0.914333 0.00733333 0.0106667
0 0.644667 0.664167 0.006 0.00633333
0 0.734167 0.00283333 0.007 0.00566667
0 0.587167 0.499333 0.007 0.008
0 0.418 0.654333 0.00733333 0.008
0 0.709167 0.642167 0.00566667 0.009
0 0.507333 0.5245 0.00666667 0.00633333
0 0.512833 0.759667 0.007 0.008
0 0.116833 0.982667 0.00833333 0.00933333
0 0.615333 0.669167 0.00666667 0.007
0 0.0045 0.3535 0.00766667 0.00766667
0 0.6505 0.711167 0.00566667 0.00633333
0 0.626 0.598333 0.00733333 0.00733333
0 0.783833 0.951333 0.00566667 0.00666667
0 0.617667 0.632833 0.00666667 0.00766667
0 0.467 0.502833 0.00666667 0.009
0 0.886167 0.589333 0.00566667 0.006
0 0.764 0.960333 0.00533333 0.00666667
0 0.883167 0.444167 0.007 0.00766667
0 0.716667 0.633167 0.00666667 0.009
0 0.858167 0.94 0.007 0.008
0 0.507 0.833167 0.00866667 0.009
0 0.632 0.827167 0.006 0.00633333
0 0.658833 0.6485 0.00566667 0.00633333
0 0.0913333 0.0141667 0.00666667 0.00833333
0 0.572 0.7955 0.00666667 0.007
0 0.84 0.673 0.00466667 0.00533333
0 0.685167 0.685667 0.007 0.00733333
0 0.528 0.5125 0.00933333 0.0103333
0 0.5155 0.544 0.00766667 0.00866667
0 0.958333 0.421333 0.00666667 0.00733333
0 0.851833 0.512 0.00633333 0.00666667
0 0.565 0.492667 0.00666667 0.008
0 0.114333 0.0943333 0.00933333 0.00866667
0 0.706 0.606667 0.006 0.00733333
0 0.628833 0.6775 0.00966667 0.009
0 0.5585 0.763667 0.00766667 0.00733333
0 0.560333 0.506833 0.00733333 0.007
0 0.0353333 0.1005 0.00733333 0.009
0 0.2215 0.628167 0.00833333 0.0103333
0 0.672333 0.684833 0.00866667 0.00966667
0 0.704167 0.6695 0.00566667 0.00566667
0 0.695833 0.59 0.00766667 0.00733333
0 0.701333 0.6355 0.00666667 0.007
0 0.6275 0.701333 0.007 0.00733333
0 0.521167 0.413333 0.00633333 0.00666667
0 0.665 0.696333 0.00666667 0.00666667
0 0.693333 0.601 0.00666667 0.00866667
0 0.545167 0.513167 0.009 0.009
0 0.653167 0.512 0.007 0.006
0 0.6135 0.507 0.007 0.00666667
0 0.646333 0.684 0.00733333 0.00666667
0 0.619833 0.4955 0.007 0.00633333
0 0.589 0.4675 0.006 0.00566667
