0 0.601833 0.276167 0.00566667 0.00566667
0 0.6065 0.688 0.011 0.01
0 0.467333 0.825167 0.0126667 0.0163333
0 0.433167 0.8745 0.0163333 0.0156667
0 0.493667 0.964833 0.02 0.0223333
0 0.4565 0.8415 0.015 0.0156667
0 0.438833 0.748167 0.00966667 0.0123333
0 0.526667 0.903167 0.0166667 0.021
0 0.516333 0.0466667 0.018 0.0213333
0 0.228667 0.266 0.0173333 0.0126667
0 0.463 0.0411667 0.0153333 0.0163333
0 0.643667 0.428833 0.018 0.015
0 0.427833 0.358333 0.0123333 0.0166667
0 0.284167 0.4615 0.0243333 0.0243333
0 0.503667 0.665833 0.00866667 0.0136667
0 0.2835 0.812667 0.015 0.0173333
0 0.465 0.104333 0.016 0.016
0 0.509167 0.471333 0.013 0.016
0 0.4315 0.685667 0.0143333 0.0133333
0 0.320833 0.858 0.013 0.0166667
0 0.615 0.513833 0.014 0.013
0 0.573 0.265667 0.0146667 0.0186667
0 0.496167 0.447167 0.0223333 0.0223333
0 0.606833 0.49 0.0116667 0.0146667
0 0.6655 0.486 0.0143333 0.0153333
0 0.698167 0.2695 0.0163333 0.0156667
0 0.646833 0.172667 0.0136667 0.0153333
0 0.572167 0.456 0.0156667 0.0126667
