0 0.508667 0.664833 0.008 0.007
0 0.148167 0.621167 0.00966667 0.009
0 0.527333 0.5485 0.01 0.00833333
0 0.0408333 0.00866667 0.0143333 0.014
0 0.2015 0.454833 0.0143333 0.0123333
0 0.409833 0.675667 0.013 0.012
0 0.409833 0.8605 0.0116667 0.0123333
0 0.1745 0.4945 0.0236667 0.0196667
0 0.429667 0.220333 0.018 0.0173333
0 0.4585 0.577667 0.011 0.012
0 0.643167 0.447 0.0143333 0.0113333
0 0.363 0.424667 0.018 0.0133333
0 0.3025 0.441333 0.011 0.0126667
0 0.7225 0.336333 0.0116667 0.0113333
0 0.578 0.700833 0.01 0.0116667
0 0.8885 0.5655 0.0143333 0.013
0 0.946 0.693 0.018 0.016
