0 0.9665 0.2885 0.0123333 0.0103333
0 0.089 0.642333 0.00666667 0.00666667
0 0.8225 0.955833 0.00766667 0.00966667
0 0.148167 0.6835 0.005 0.005
0 0.575667 0.226667 0.00933333 0.008
0 0.794167 0.329833 0.0136667 0.013
0 0.126 0.560833 0.00466667 0.005
0 0.764167 0.578167 0.009 0.009
0 0.763167 0.246667 0.0103333 0.0106667
0 0.949333 0.4195 0.0153333 0.00966667
0 0.3125 0.465333 0.009 0.0106667
0 0.2285 0.3045 0.00366667 0.00433333
0 0.907167 0.266 0.011 0.012
0 0.8435 0.455167 0.007 0.007
0 0.1485 0.238667 0.007 0.00666667
0 0.7175 0.911167 0.00766667 0.00966667
0 0.449 0.213 0.00533333 0.006
0 0.465 0.00583333 0.006 0.007
0 0.622833 0.1685 0.00633333 0.007
0 0.390167 0.292333 0.00566667 0.006
0 0.772167 0.334 0.009 0.01
0 0.8665 0.0933333 0.00766667 0.00866667
0 0.344833 0.495167 0.00633333 0.007
0 0.209167 0.403333 0.00566667 0.00666667
0 0.2175 0.456833 0.009 0.00833333
0 0.538333 0.613333 0.0106667 0.0106667
0 0.523167 0.0251667 0.00766667 0.007
0 0.954 0.418667 0.00933333 0.01
0 0.347167 0.431167 0.009 0.00833333
0 0.958667 0.561167 0.00933333 0.00833333
0 0.618333 0.218167 0.008 0.00766667
0 0.135 0.404667 0.00733333 0.00733333
0 0.900333 0.351167 0.01 0.0103333
0 0.782833 0.291667 0.0103333 0.0106667
0 0.327 0.783833 0.00866667 0.00966667
0 0.6895 0.908 0.0116667 0.0113333
0 0.250833 0.6 0.00633333 0.00666667
0 0.941833 0.42 0.009 0.01
0 0.7485 0.313667 0.00966667 0.00933333
0 0.965 0.466667 0.01 0.00933333
0 0.954167 0.987167 0.0103333 0.0103333
0 0.762333 0.298833 0.0113333 0.011
0 0.944667 0.471167 0.00933333 0.009
0 0.336833 0.286167 0.005 0.00566667
0 0.472833 0.870833 0.007 0.00833333
0 0.813167 0.219833 0.0103333 0.0103333
0 0.4925 0.0208333 0.00633333 0.007
0 0.7835 0.2225 0.00966667 0.0103333
0 0.101667 0.6 0.00666667 0.00666667
0 0.708667 0.757167 0.008 0.011
0 0.784167 0.333333 0.00966667 0.01
0 0.031 0.0976667 0.00933333 0.00933333
0 0.042 0.9 0.006 0.006
0 0.962833 0.441333 0.0103333 0.0106667
0 0.542 0.708167 0.008 0.011
0 0.358333 0.288333 0.00533333 0.006
0 0.803333 0.289833 0.00933333 0.0103333
0 0.8245 0.351333 0.0116667 0.0126667
0 0.838833 0.4705 0.00833333 0.0123333
0 0.686333 0.383833 0.00866667 0.011
0 0.0963333 0.1985 0.00866667 0.00833333
0 0.797167 0.3275 0.011 0.011
0 0.279167 0.836167 0.009 0.0103333
0 0.100667 0.630667 0.00733333 0.008
0 0.800833 0.4385 0.00766667 0.00966667
0 0.3645 0.6165 0.00833333 0.00966667
