0 0.3065 0.942 0.00566667 0.00666667
0 0.374667 0.994833 0.006 0.00633333
0 0.251667 0.981667 0.00466667 0.00466667
0 0.991 0.717167 0.004 0.00433333
0 0.379833 0.739833 0.00966667 0.00966667
0 0.146167 0.0758333 0.007 0.00833333
0 0.051 0.363833 0.006 0.00766667
0 0.992833 0.521667 0.00766667 0.00866667
0 0.925667 0.144833 0.00533333 0.00566667
0 0.574333 0.101667 0.006 0.00666667
0 0.146167 0.133167 0.00833333 0.0143333
0 0.163667 0.169833 0.00533333 0.00566667
0 0.0188333 0.0136667 0.00833333 0.00866667
0 0.7705 0.3035 0.005 0.00566667
0 0.941 0.918 0.00533333 0.006
0 0.931833 0.130167 0.00566667 0.007
0 0.279833 0.4795 0.00633333 0.007
0 0.748667 0.372333 0.00466667 0.00533333
0 0.0153333 0.0238333 0.00666667 0.007
0 0.473 0.400167 0.006 0.00633333
0 0.21 0.304 0.00533333 0.00533333
0 0.370667 0.917833 0.006 0.00633333
0 0.0528333 0.0763333 0.00633333 0.00933333
0 0.820167 0.561667 0.005 0.00533333
0 0.56 0.725667 0.00466667 0.00533333
0 0.2685 0.695833 0.00766667 0.00966667
0 0.0655 0.108 0.00433333 0.00466667
0 0.156333 0.927667 0.00533333 0.00533333
0 0.128833 0.792167 0.00566667 0.005
0 0.197 0.113167 0.006 0.00766667
0 0.0623333 0.0746667 0.006 0.00666667
0 0.449667 0.0116667 0.00733333 0.00733333
0 0.222833 0.952167 0.00566667 0.00633333
0 0.382833 0.919167 0.005 0.00633333
0 0.6655 0.845667 0.005 0.00533333
0 0.0671667 0.123667 0.00633333 0.00666667
0 0.2625 0.602333 0.00633333 0.00666667
0 0.792 0.343833 0.00533333 0.00633333
0 0.841167 0.129 0.007 0.00733333
0 0.221167 0.128 0.00566667 0.00666667
0 0.377167 0.55 0.007 0.01
0 0.978667 0.651333 0.00466667 0.00533333
0 0.861 0.882833 0.00466667 0.005
0 0.8085 0.449 0.00433333 0.00533333
0 0.124667 0.240833 0.006 0.00566667
0 0.444667 0.747833 0.00533333 0.00633333
0 0.0636667 0.1375 0.006 0.007
0 0.878167 0.346167 0.00566667 0.00633333
0 0.931333 0.1835 0.00533333 0.00633333
0 0.4455 0.311667 0.00633333 0.00733333
0 0.0295 0.3745 0.00633333 0.00633333
0 0.1345 0.127333 0.00966667 0.00933333
0 0.682667 0.144667 0.006 0.00733333
0 0.126667 0.954667 0.00533333 0.006
0 0.0536667 0.0733333 0.006 0.008
0 0.5465 0.444833 0.00766667 0.009
0 0.00283333 0.0153333 0.00566667 0.00733333
0 0.676833 0.232333 0.00833333 0.008
0 0.553 0.458667 0.008 0.00866667
0 0.0705 0.0826667 0.009 0.00866667
0 0.1225 0.9065 0.00566667 0.00833333
0 0.8145 0.176333 0.00633333 0.00733333
0 0.015 0.2555 0.00733333 0.00766667
0 0.262 0.422167 0.006 0.00633333
0 0.316167 0.5205 0.00633333 0.00833333
0 0.283 0.821 0.00733333 0.00666667
0 0.503 0.643333 0.00733333 0.00666667
0 0.0325 0.258667 0.00766667 0.00666667
0 0.184833 0.142833 0.0103333 0.011
0 0.302333 0.579833 0.006 0.00633333
0 0.2015 0.7905 0.00633333 0.00766667
0 0.238833 0.265667 0.00566667 0.006
0 0.086 0.110667 0.00733333 0.00866667
0 0.205167 0.925667 0.005 0.00533333
0 0.461667 0.579833 0.00733333 0.009
0 0.460167 0.706167 0.00966667 0.00766667
0 0.820333 0.327667 0.00533333 0.006
0 0.548167 0.509167 0.009 0.00966667
0 0.462667 0.672 0.00733333 0.008
0 0.533 0.21 0.00866667 0.01
0 0.441 0.44 0.00733333 0.00866667
0 0.2445 0.314167 0.007 0.007
0 0.157833 0.138167 0.00833333 0.00966667
0 0.2405 0.184833 0.007 0.00633333
0 0.406167 0.359667 0.007 0.00733333
0 0.207333 0.580667 0.00733333 0.008
0 0.148833 0.585 0.00566667 0.006
0 0.0976667 0.119333 0.00666667 0.00733333
0 0.149667 0.9075 0.00533333 0.00566667
0 0.122833 0.144333 0.00633333 0.00733333
0 0.5215 0.572 0.007 0.008
0 0.481 0.155 0.008 0.00733333
0 0.681833 0.317167 0.00633333 0.007
0 0.183833 0.605333 0.00633333 0.00666667
0 0.6645 0.3165 0.00566667 0.00566667
0 0.068 0.0653333 0.00666667 0.00733333
0 0.1105 0.101333 0.00766667 0.008
0 0.288 0.3305 0.00666667 0.00766667
0 0.225333 0.6345 0.00733333 0.00766667
0 0.181833 0.584667 0.00633333 0.00666667
0 0.2425 0.9825 0.00566667 0.00633333
0 0.0688333 0.114667 0.00566667 0.006
0 0.739167 0.1595 0.00833333 0.00966667
0 0.057 0.112 0.00533333 0.006
0 0.152 0.403833 0.006 0.00566667
0 0.303 0.3165 0.006 0.007
0 0.375 0.8695 0.006 0.00766667
0 0.0838333 0.139833 0.00566667 0.00566667
0 0.550333 0.2935 0.008 0.009
0 0.954 0.122167 0.00666667 0.007
0 0.842667 0.0155 0.00666667 0.007
0 0.4705 0.463 0.007 0.00666667
0 0.212667 0.287 0.00733333 0.00733333
0 0.378833 0.328333 0.00766667 0.008
0 0.145333 0.137 0.00866667 0.00866667
0 0.0925 0.095 0.00566667 0.006
0 0.0975 0.1385 0.00766667 0.007
0 0.0718333 0.0973333 0.007 0.00733333
0 0.1495 0.124333 0.007 0.00733333
