0 0.258833 0.571 0.007 0.00866667
0 0.800833 0.154833 0.00633333 0.00766667
0 0.273833 0.493 0.00833333 0.01
0 0.570833 0.7485 0.00566667 0.00633333
0 0.254833 0.732167 0.007 0.00766667
0 0.581333 0.755 0.00533333 0.006
0 0.0685 0.901 0.00566667 0.00666667
0 0.544833 0.612 0.005 0.006
0 0.502833 0.778 0.00566667 0.006
0 0.144 0.404833 0.00533333 0.00566667
0 0.588167 0.0025 0.00633333 0.005
0 0.710833 0.773667 0.00766667 0.008
0 0.493 0.751 0.00666667 0.008
0 0.549667 0.979833 0.00466667 0.005
0 0.979167 0.0665 0.00633333 0.00766667
0 0.082 0.6665 0.00333333 0.00433333
0 0.119667 0.101667 0.00666667 0.008
0 0.186167 0.210333 0.00833333 0.00866667
0 0.251 0.316167 0.01 0.0103333
0 0.235333 0.8045 0.01 0.00833333
0 0.476667 0.601167 0.00733333 0.00833333
0 0.126833 0.988167 0.00633333 0.007
0 0.41 0.822667 0.008 0.008
0 0.0528333 0.461167 0.005 0.00633333
0 0.0315 0.781167 0.00633333 0.00566667
0 0.0755 0.0621667 0.00766667 0.009
0 0.1505 0.0836667 0.00766667 0.00733333
0 0.608333 0.00383333 0.00866667 0.00766667
0 0.0873333 0.681333 0.00533333 0.006
0 0.123167 0.727 0.00633333 0.006
0 0.923333 0.115333 0.004 0.00466667
0 0.893167 0.5795 0.00833333 0.00833333
0 0.109667 0.445833 0.00533333 0.00766667
0 0.0055 0.421667 0.00633333 0.00666667
0 0.925 0.102167 0.006 0.007
0 0.941167 0.121333 0.00433333 0.00533333
0 0.465 0.0785 0.012 0.0123333
0 0.8185 0.749833 0.007 0.007
0 0.714167 0.601 0.00566667 0.006
0 0.442333 0.735833 0.00666667 0.009
0 0.2435 0.205 0.00833333 0.01
0 0.403833 0.820667 0.00766667 0.008
0 0.396167 0.834833 0.009 0.00966667
0 0.149 0.879167 0.00733333 0.00833333
0 0.952333 0.951833 0.00733333 0.007
0 0.434167 0.726 0.00633333 0.008
0 0.00266667 0.547833 0.00533333 0.00633333
0 0.218 0.707 0.008 0.008
0 0.0796667 0.164 0.00466667 0.00466667
0 0.577333 0.551333 0.00866667 0.00866667
0 0.372667 0.753833 0.0106667 0.0116667
0 0.63 0.406 0.00533333 0.00666667
0 0.123667 0.976333 0.00533333 0.006
0 0.3605 0.0261667 0.0143333 0.011
0 0.387333 0.792667 0.00733333 0.00866667
0 0.2465 0.382 0.00966667 0.0113333
0 0.347667 0.628333 0.00666667 0.008
0 0.905 0.7945 0.00866667 0.009
0 0.00266667 0.5865 0.00533333 0.009
0 0.254667 0.3035 0.0113333 0.0143333
0 0.137 0.39 0.00533333 0.006
0 0.255 0.562333 0.00866667 0.008
0 0.588333 0.497667 0.00666667 0.00733333
0 0.284667 0.661167 0.00733333 0.00833333
0 0.478667 0.856833 0.006 0.007
0 0.0401667 0.210333 0.00566667 0.006
0 0.514 0.539667 0.0113333 0.0113333
0 0.1575 0.403333 0.00633333 0.00733333
0 0.3345 0.641 0.00833333 0.00933333
0 0.173333 0.113 0.008 0.00933333
0 0.382833 0.299667 0.011 0.0133333
0 0.149167 0.8985 0.00566667 0.007
0 0.4815 0.658167 0.007 0.00833333
0 0.631 0.5645 0.006 0.00633333
0 0.561167 0.437833 0.00766667 0.009
0 0.572167 0.7835 0.00633333 0.007
0 0.416167 0.561 0.00833333 0.00933333
0 0.215667 0.264667 0.008 0.00733333
0 0.269333 0.416167 0.008 0.00833333
0 0.5175 0.461167 0.00833333 0.009
0 0.907333 0.399667 0.00733333 0.008
0 0.373333 0.6355 0.00666667 0.00766667
0 0.0796667 0.08 0.008 0.00933333
0 0.47 0.692167 0.00666667 0.00766667
0 0.491 0.6965 0.00533333 0.005
0 0.3725 0.79 0.00633333 0.00733333
0 0.2465 0.434667 0.0103333 0.00933333
0 0.254667 0.947 0.00733333 0.00866667
0 0.186 0.0576667 0.00733333 0.0106667
0 0.4955 0.502 0.009 0.00933333
0 0.844333 0.673667 0.008 0.008
0 0.1895 0.0696667 0.007 0.00866667
0 0.154667 0.832 0.00666667 0.008
0 0.425333 0.502833 0.01 0.0103333
0 0.854333 0.4 0.00533333 0.00666667
0 0.561667 0.471667 0.008 0.00866667
0 0.421667 0.7505 0.006 0.00766667
0 0.996 0.963167 0.008 0.00833333
0 0.0195 0.829667 0.00633333 0.00666667
0 0.465 0.0213333 0.0126667 0.012
0 0.491833 0.685167 0.00566667 0.00633333
0 0.0721667 0.895667 0.00633333 0.008
0 0.398667 0.792333 0.00666667 0.008
0 0.212 0.382167 0.00866667 0.00966667
0 0.314333 0.386 0.00933333 0.00866667
0 0.0121667 0.846333 0.00566667 0.006
0 0.184 0.120167 0.00866667 0.00966667
0 0.280333 0.450667 0.00733333 0.008
0 0.234667 0.441833 0.00733333 0.00833333
0 0.4125 0.399167 0.00833333 0.0103333
0 0.4335 0.7655 0.00633333 0.007
0 0.248167 0.450167 0.00966667 0.009
0 0.507167 0.6375 0.00633333 0.00766667
0 0.538 0.623833 0.00666667 0.007
0 0.319 0.593 0.00866667 0.008
0 0.385667 0.747833 0.006 0.007
0 0.385833 0.721167 0.00633333 0.007
0 0.268 0.481333 0.008 0.00866667
0 0.314167 0.573833 0.00966667 0.009
0 0.0313333 0.8635 0.006 0.007
0 0.0121667 0.6695 0.00566667 0.00566667
0 0.2975 0.522167 0.00833333 0.009
0 0.269333 0.450833 0.00666667 0.009
0 0.242333 0.549833 0.00733333 0.009
0 0.188333 0.145167 0.00866667 0.011
0 0.3125 0.555667 0.00766667 0.00933333
0 0.128833 0.919167 0.007 0.00833333
0 0.320833 0.497833 0.00766667 0.00966667
0 0.283 0.420667 0.00933333 0.00866667
0 0.251 0.480833 0.00933333 0.009
0 0.4505 0.466167 0.0116667 0.0103333
