0 0.4515 0.132667 0.013 0.0166667
0 0.748333 0.131 0.0206667 0.0186667
0 0.737833 0.0636667 0.0163333 0.0166667
0 0.483 0.195167 0.0233333 0.0236667
0 0.764667 0.529333 0.024 0.0253333
0 0.629833 0.746 0.0163333 0.0126667
0 0.523167 0.307 0.017 0.0206667
0 0.240667 0.156667 0.0153333 0.018
0 0.5895 0.0663333 0.0143333 0.018
0 0.174833 0.566333 0.0136667 0.02
0 0.14 0.771667 0.014 0.0166667
0 0.677833 0.100667 0.0223333 0.0173333
0 0.766333 0.295667 0.0186667 0.0233333
0 0.246167 0.388167 0.0196667 0.0223333
0 0.831833 0.250833 0.023 0.0276667
0 0.6265 0.445833 0.0156667 0.021
0 0.55 0.395333 0.0213333 0.0226667
0 0.544 0.5435 0.02 0.0203333
0 0.5475 0.0815 0.0203333 0.021
0 0.637167 0.201167 0.0223333 0.021
0 0.267167 0.796667 0.0163333 0.0186667
0 0.518167 0.485333 0.0256667 0.0186667
0 0.692833 0.697667 0.0216667 0.0206667
0 0.680333 0.198 0.0246667 0.0213333
0 0.331667 0.344333 0.02 0.0166667
