0 0.912833 0.7315 0.007 0.007
0 0.0215 0.477833 0.0156667 0.015
0 0.6575 0.427333 0.005 0.00466667
0 0.295333 0.695333 0.00866667 0.00933333
0 0.6005 0.418667 0.007 0.00733333
0 0.908333 0.7555 0.006 0.00633333
0 0.0105 0.47 0.0176667 0.0173333
0 0.903333 0.806167 0.006 0.00566667
0 0.955833 0.816 0.0123333 0.0146667
0 0.461 0.994667 0.012 0.0106667
0 0.391833 0.0186667 0.0136667 0.0106667
0 0.7495 0.642 0.0116667 0.018
0 0.1995 0.843167 0.0156667 0.019
0 0.742667 0.175167 0.016 0.0156667
0 0.7835 0.713167 0.013 0.0116667
0 0.0158333 0.474667 0.0256667 0.0213333
0 0.133667 0.640333 0.0133333 0.02
0 0.197167 0.8305 0.013 0.015
0 0.2045 0.102167 0.0136667 0.0136667
0 0.416167 0.3925 0.0176667 0.0183333
0 0.114333 0.166667 0.0166667 0.0193333
0 0.655833 0.361167 0.0116667 0.011
0 0.3335 0.261 0.019 0.02
0 0.583333 0.489333 0.0166667 0.016
0 0.370333 0.32 0.0173333 0.0173333
0 0.6645 0.891333 0.0156667 0.02
0 0.6305 0.394333 0.0103333 0.0126667
0 0.174833 0.26 0.019 0.02
0 0.504833 0.416167 0.0176667 0.0163333
0 0.676167 0.166333 0.0196667 0.0133333
0 0.587167 0.781167 0.015 0.0183333
0 0.425667 0.685167 0.0173333 0.0203333
0 0.689833 0.9725 0.0176667 0.021
0 0.328 0.00966667 0.02 0.0153333
0 0.264167 0.820833 0.0203333 0.0143333
0 0.5995 0.668667 0.0176667 0.0146667
0 0.388667 0.261333 0.02 0.0173333
0 0.636333 0.229 0.0126667 0.0126667
0 0.587833 0.874833 0.0163333 0.0223333
0 0.383167 0.467 0.0203333 0.0246667
0 0.294667 0.865 0.018 0.0153333
0 0.237167 0.5515 0.025 0.0223333
0 0.4375 0.778333 0.0163333 0.0206667
