0 0.724833 0.00583333 0.0163333 0.0116667
0 0.419167 0.830667 0.00966667 0.00933333
0 0.345667 0.807667 0.00866667 0.00933333
0 0.315833 0.719667 0.007 0.00733333
0 0.312667 0.9 0.008 0.00866667
0 0.202333 0.7725 0.00666667 0.007
0 0.2715 0.733 0.00766667 0.00733333
0 0.388333 0.902833 0.00933333 0.009
0 0.1435 0.0413333 0.015 0.0153333
0 0.634167 0.9235 0.009 0.009
0 0.746333 0.423167 0.00666667 0.00766667
0 0.444667 0.167333 0.016 0.0173333
0 0.749167 0.1 0.0196667 0.014
0 0.791167 0.0945 0.0156667 0.0203333
0 0.300833 0.920833 0.0123333 0.019
0 0.5595 0.142333 0.0216667 0.016
0 0.593333 0.183167 0.0173333 0.0176667
0 0.6465 0.631667 0.0156667 0.0206667
0 0.560167 0.454667 0.0176667 0.0193333
0 0.482833 0.2115 0.0143333 0.0156667
0 0.195167 0.205833 0.017 0.017
0 0.151 0.172667 0.02 0.0153333
0 0.590333 0.865667 0.014 0.0206667
0 0.585167 0.138833 0.0183333 0.021
0 0.361833 0.5475 0.0203333 0.0196667
0 0.608167 0.483167 0.017 0.021
