0 0.670167 0.780333 0.0223333 0.0206667
0 0.7355 0.6735 0.015 0.0183333
0 0.5925 0.8815 0.021 0.0276667
0 0.380333 0.22 0.016 0.0166667
0 0.927667 0.7145 0.0226667 0.023
0 0.795167 0.430667 0.0156667 0.018
0 0.632667 0.466833 0.0153333 0.0176667
0 0.4755 0.679667 0.0163333 0.0193333
0 0.778333 0.6515 0.02 0.0196667
0 0.802833 0.501333 0.0176667 0.0166667
0 0.848333 0.5745 0.0126667 0.0156667
0 0.653167 0.301333 0.0176667 0.0193333
0 0.735 0.628833 0.0166667 0.0163333
0 0.8355 0.6 0.0183333 0.0213333
0 0.784333 0.447 0.0153333 0.0193333
0 0.316833 0.469167 0.0203333 0.0263333
0 0.772 0.367333 0.0173333 0.018
0 0.505333 0.414 0.0226667 0.0193333
0 0.64 0.3275 0.014 0.015
