0 0.282167 0.505833 0.00833333 0.011
0 0.027 0.694333 0.00733333 0.008
0 0.232667 0.56 0.00866667 0.008
0 0.08 0.8425 0.00666667 0.007
0 0.588167 0.4965 0.00766667 0.011
0 0.0975 0.728333 0.00633333 0.00733333
0 0.765833 0.3745 0.009 0.00766667
0 0.611667 0.674333 0.00666667 0.00666667
0 0.2815 0.5025 0.007 0.00766667
0 0.941833 0.259 0.009 0.00933333
0 0.0671667 0.671667 0.00766667 0.00933333
0 0.717167 0.508167 0.007 0.00833333
0 0.0858333 0.769833 0.00566667 0.00633333
0 0.739833 0.1155 0.0116667 0.00833333
0 0.113 0.308333 0.00933333 0.01
0 0.0345 0.252 0.00633333 0.008
0 0.282833 0.510667 0.00766667 0.00866667
0 0.332 0.4685 0.00733333 0.009
0 0.524333 0.444333 0.00733333 0.00733333
0 0.0423333 0.0898333 0.0113333 0.009
0 0.53 0.899 0.00933333 0.0126667
0 0.5825 0.225833 0.009 0.009
0 0.5835 0.488 0.009 0.0106667
0 0.0638333 0.7595 0.007 0.00833333
0 0.537167 0.505833 0.007 0.00833333
0 0.837833 0.486667 0.009 0.00933333
0 0.864333 0.056 0.00666667 0.01
0 0.2125 0.0435 0.00966667 0.00966667
0 0.625 0.397833 0.00666667 0.00833333
0 0.102667 0.4275 0.0126667 0.0156667
0 0.891333 0.319 0.00866667 0.00866667
0 0.530833 0.5985 0.007 0.009
0 0.936667 0.326667 0.00933333 0.00933333
0 0.464333 0.676667 0.0106667 0.014
0 0.973 0.9025 0.00733333 0.007
0 0.227667 0.242333 0.012 0.01
0 0.6715 0.3815 0.0103333 0.0103333
0 0.6785 0.570167 0.00833333 0.009
0 0.753 0.5155 0.01 0.00833333
0 0.0151667 0.327833 0.009 0.00833333
0 0.0945 0.397333 0.011 0.014
0 0.1615 0.325833 0.0123333 0.009
0 0.5895 0.499 0.00833333 0.00933333
0 0.719167 0.577167 0.009 0.009
0 0.322 0.537167 0.0106667 0.0103333
0 0.946333 0.868167 0.00933333 0.00833333
0 0.125333 0.168833 0.0133333 0.0103333
0 0.531833 0.554 0.00833333 0.00866667
0 0.028 0.477833 0.01 0.00966667
0 0.0576667 0.5285 0.01 0.0116667
0 0.454667 0.512833 0.0133333 0.015
