0 0.678833 0.139833 0.021 0.025
0 0.6775 0.130333 0.0276667 0.038
0 0.790667 0.272667 0.008 0.00866667
0 0.675333 0.123667 0.0173333 0.02
0 0.619667 0.275 0.00666667 0.00733333
0 0.516667 0.716833 0.00733333 0.00766667
0 0.795333 0.43 0.0153333 0.014
0 0.81 0.435 0.014 0.012
0 0.816 0.311833 0.0133333 0.0103333
0 0.711833 0.4215 0.015 0.0136667
0 0.361 0.552833 0.014 0.011
0 0.608333 0.383333 0.0126667 0.0193333
0 0.398167 0.246167 0.0163333 0.021
0 0.406833 0.6735 0.0116667 0.0163333
0 0.966833 0.2895 0.019 0.0116667
0 0.733667 0.408833 0.0146667 0.0176667
0 0.3785 0.631 0.013 0.0193333
0 0.437667 0.521833 0.0153333 0.0156667
0 0.658 0.304667 0.0153333 0.0106667
0 0.892167 0.2455 0.015 0.0163333
0 0.901167 0.210667 0.019 0.0173333
0 0.662167 0.5065 0.0196667 0.0236667
0 0.448 0.757667 0.018 0.0186667
0 0.672833 0.599333 0.017 0.0193333
0 0.470333 0.245167 0.0146667 0.0176667
0 0.393 0.446333 0.0166667 0.0146667
0 0.421833 0.575333 0.0216667 0.0213333
0 0.6905 0.643667 0.0183333 0.02
0 0.434167 0.362833 0.0223333 0.019
0 0.493 0.6575 0.02 0.0196667
0 0.3645 0.5985 0.0156667 0.0136667
0 0.657 0.675333 0.0186667 0.014
