0 0.915 0.317 0.00333333 0.004
0 0.62 0.674333 0.00466667 0.00466667
0 0.261833 0.4835 0.00433333 0.00433333
0 0.0251667 0.0975 0.00366667 0.00433333
0 0.428833 0.507667 0.00433333 0.004
0 0.390667 0.702833 0.004 0.00433333
0 0.965333 0.479167 0.00266667 0.003
0 0.818167 0.271833 0.00366667 0.00366667
0 0.476833 0.220333 0.003 0.00333333
0 0.856667 0.355333 0.004 0.004
0 0.6745 0.267333 0.00633333 0.00733333
0 0.988833 0.015 0.005 0.00466667
0 0.533 0.100667 0.00266667 0.004
0 0.468833 0.191167 0.00366667 0.00366667
0 0.324167 0.571333 0.00433333 0.00466667
0 0.968333 0.0238333 0.00333333 0.00366667
0 0.0396667 0.6845 0.00666667 0.007
0 0.137667 0.484833 0.004 0.00433333
0 0.137167 0.428167 0.003 0.00366667
0 0.721333 0.183333 0.004 0.00466667
0 0.428333 0.276333 0.004 0.004
0 0.230333 0.758167 0.004 0.00433333
0 0.9445 0.0348333 0.00366667 0.00366667
0 0.813833 0.483667 0.005 0.00533333
0 0.839833 0.425167 0.00366667 0.005
0 0.509333 0.300833 0.00466667 0.005
0 0.0308333 0.122833 0.005 0.00566667
0 0.693833 0.759667 0.00366667 0.004
0 0.962833 0.0183333 0.003 0.00333333
0 0.9965 0.305333 0.00433333 0.004
0 0.680833 0.821167 0.00433333 0.005
0 0.114833 0.9145 0.00433333 0.005
0 0.693833 0.531333 0.005 0.00533333
0 0.7685 0.992667 0.00366667 0.004
0 0.883667 0.737333 0.004 0.00466667
0 0.118833 0.271 0.005 0.00533333
0 0.278667 0.748 0.00466667 0.00533333
0 0.2335 0.633167 0.00366667 0.00433333
0 0.494333 0.963167 0.00466667 0.005
0 0.571333 0.421167 0.00533333 0.007
0 0.189833 0.559167 0.005 0.00566667
0 0.384167 0.847333 0.00566667 0.006
0 0.678833 0.669667 0.003 0.004
0 0.972333 0.850333 0.00533333 0.006
0 0.6275 0.635333 0.00433333 0.004
0 0.0898333 0.467333 0.003 0.004
0 0.0718333 0.5015 0.00366667 0.00366667
0 0.9895 0.7885 0.00366667 0.005
0 0.174 0.627167 0.004 0.00433333
0 0.643833 0.598333 0.00433333 0.00466667
0 0.825167 0.552667 0.00566667 0.006
0 0.112167 0.133833 0.00433333 0.00433333
0 0.127 0.4285 0.00333333 0.00366667
0 0.784667 0.154167 0.00333333 0.00366667
0 0.286333 0.720333 0.00333333 0.00333333
0 0.7695 0.513667 0.005 0.00533333
0 0.755833 0.0383333 0.005 0.00533333
0 0.497833 0.971333 0.005 0.00533333
0 0.9945 0.422 0.00366667 0.00333333
0 0.119833 0.4445 0.00366667 0.00366667
0 0.145667 0.431333 0.00333333 0.00333333
0 0.6895 0.799 0.005 0.00533333
0 0.508 0.965 0.00466667 0.00533333
0 0.457167 0.220833 0.00366667 0.00366667
0 0.351833 0.776667 0.00433333 0.00466667
0 0.748 0.7405 0.00733333 0.00833333
0 0.632833 0.428167 0.00366667 0.00433333
0 0.319167 0.6495 0.00366667 0.00366667
0 0.952833 0.779167 0.007 0.007
0 0.871667 0.4045 0.004 0.00433333
0 0.293 0.724167 0.004 0.005
0 0.2765 0.742 0.00433333 0.00533333
0 0.7885 0.548667 0.005 0.00533333
0 0.3755 0.0956667 0.003 0.00333333
0 0.804833 0.238667 0.003 0.00333333
0 0.941833 0.519167 0.00433333 0.00433333
0 0.275167 0.721167 0.00366667 0.00366667
0 0.9565 0.488 0.00433333 0.00466667
0 0.9135 0.2895 0.005 0.00566667
0 0.0981667 0.530333 0.00433333 0.00466667
0 0.620167 0.587 0.00566667 0.006
0 0.0235 0.979167 0.005 0.005
0 0.0631667 0.843167 0.005 0.00566667
0 0.2535 0.2845 0.005 0.005
0 0.266667 0.760667 0.006 0.006
0 0.911 0.397333 0.00333333 0.00333333
0 0.322833 0.488167 0.00433333 0.005
0 0.213833 0.968833 0.00433333 0.005
0 0.283833 0.566333 0.00433333 0.00533333
0 0.817333 0.482833 0.00533333 0.00566667
0 0.502833 0.143167 0.00366667 0.00366667
0 0.0653333 0.9505 0.00466667 0.005
0 0.0776667 0.9535 0.00533333 0.00566667
0 0.0883333 0.477167 0.00333333 0.00366667
0 0.303667 0.747833 0.004 0.00366667
0 0.997333 0.180333 0.00466667 0.006
0 0.948833 0.390167 0.00366667 0.00433333
0 0.850667 0.989 0.00533333 0.006
0 0.667333 0.586333 0.00333333 0.00333333
0 0.2675 0.6505 0.00366667 0.00433333
0 0.771667 0.0415 0.00466667 0.005
0 0.425333 0.586833 0.00333333 0.00366667
0 0.8775 0.427167 0.003 0.003
0 0.0893333 0.491833 0.00333333 0.00366667
0 0.4235 0.679167 0.00366667 0.00433333
0 0.994833 0.8105 0.00566667 0.00766667
0 0.815 0.709333 0.004 0.00533333
0 0.3735 0.00283333 0.00766667 0.00566667
0 0.901833 0.913333 0.007 0.008
0 0.0548333 0.986833 0.00566667 0.00566667
0 0.301167 0.652833 0.00366667 0.00366667
0 0.8315 0.419 0.00366667 0.004
0 0.818833 0.0045 0.00633333 0.00633333
0 0.515833 0.202 0.00366667 0.00333333
0 0.458333 0.2645 0.00333333 0.00366667
0 0.758667 0.0443333 0.004 0.00533333
0 0.744333 0.609167 0.00466667 0.005
0 0.0933333 0.437833 0.00466667 0.005
0 0.403667 0.0128333 0.00466667 0.005
0 0.6165 0.432333 0.00566667 0.006
0 0.0683333 0.707 0.00533333 0.006
0 0.285833 0.6705 0.00366667 0.00366667
0 0.576833 0.161167 0.00433333 0.00433333
0 0.295167 0.668 0.00433333 0.00466667
0 0.518333 0.483667 0.00533333 0.00533333
0 0.2865 0.661333 0.00433333 0.00466667
0 0.035 0.934 0.00466667 0.00466667
0 0.291 0.131667 0.00466667 0.006
0 0.275 0.604 0.004 0.00466667
0 0.343333 0.7725 0.00466667 0.00433333
0 0.00533333 0.6815 0.01 0.015
0 0.536667 0.0953333 0.00333333 0.004
0 0.0158333 0.0085 0.00366667 0.00366667
0 0.1055 0.914167 0.00433333 0.00433333
0 0.0346667 0.854167 0.004 0.00433333
0 0.120833 0.398833 0.00433333 0.00433333
0 0.551667 0.694667 0.006 0.00666667
0 0.270333 0.6445 0.00466667 0.00433333
0 0.104333 0.493167 0.004 0.00433333
0 0.816333 0.984 0.00533333 0.006
0 0.1805 0.875167 0.005 0.005
0 0.227167 0.588333 0.005 0.00533333
0 0.1595 0.586 0.00566667 0.006
0 0.638333 0.585833 0.004 0.00433333
0 0.874 0.412667 0.004 0.004
0 0.504833 0.1985 0.00366667 0.00366667
0 0.9205 0.968167 0.007 0.00833333
0 0.981667 0.655 0.004 0.00466667
0 0.688333 0.455667 0.004 0.00466667
0 0.981167 0.7865 0.005 0.00566667
0 0.00283333 0.929167 0.00566667 0.00633333
0 0.394833 0.758 0.00366667 0.004
0 0.993667 0.608333 0.00466667 0.006
0 0.696167 0.8275 0.00433333 0.00433333
0 0.156833 0.613667 0.005 0.00533333
0 0.811333 0.485667 0.004 0.00466667
0 0.0476667 0.423167 0.004 0.00433333
0 0.0435 0.859667 0.005 0.00533333
0 0.3775 0.438833 0.005 0.00566667
0 0.733167 0.0856667 0.005 0.00466667
0 0.6615 0.6235 0.00433333 0.005
0 0.0548333 0.303167 0.005 0.005
0 0.559667 0.219333 0.004 0.004
0 0.967333 0.871333 0.00666667 0.00866667
0 0.2825 0.501 0.005 0.006
0 0.7545 0.124333 0.005 0.00533333
0 0.151167 0.399 0.00566667 0.00533333
0 0.405667 0.568167 0.004 0.005
0 0.875 0.734667 0.00733333 0.00933333
0 0.562167 0.103667 0.00366667 0.004
0 0.749333 0.0483333 0.00466667 0.00466667
0 0.960333 0.366333 0.004 0.004
0 0.0445 0.846333 0.005 0.00533333
0 0.688833 0.977833 0.005 0.005
0 0.0538333 0.049 0.005 0.00533333
0 0.2105 0.4045 0.005 0.00633333
0 0.9625 0.658833 0.00433333 0.00433333
0 0.734167 0.672333 0.00433333 0.00466667
0 0.839 0.553667 0.00466667 0.00466667
0 0.082 0.242167 0.00533333 0.005
0 0.836 0.527667 0.004 0.004
0 0.0111667 0.05 0.00433333 0.00466667
0 0.236167 0.449 0.007 0.00666667
0 0.975167 0.0323333 0.00433333 0.00466667
0 0.11 0.561333 0.004 0.004
0 0.008 0.8985 0.00533333 0.00566667
0 0.0398333 0.9615 0.005 0.00566667
0 0.599333 0.852833 0.00666667 0.007
0 0.608667 0.574167 0.00466667 0.005
0 0.381833 0.868167 0.005 0.00566667
0 0.8175 0.5525 0.00566667 0.005
0 0.253333 0.787 0.00466667 0.00533333
0 0.9555 0.1755 0.00433333 0.00433333
0 0.375333 0.478333 0.006 0.006
0 0.251 0.542667 0.004 0.00466667
0 0.787333 0.0138333 0.006 0.00633333
0 0.8285 0.3895 0.00433333 0.005
0 0.8755 0.241333 0.00366667 0.004
0 0.967667 0.501 0.004 0.004
0 0.777167 0.308 0.00366667 0.004
0 0.939667 0.496333 0.004 0.00466667
0 0.196 0.597667 0.00466667 0.00466667
0 0.612667 0.489 0.00533333 0.006
0 0.602167 0.473833 0.005 0.005
0 0.509333 0.452833 0.00466667 0.00566667
0 0.00833333 0.171 0.00533333 0.00533333
0 0.414 0.594667 0.004 0.00466667
0 0.432333 0.760833 0.006 0.00766667
0 0.320167 0.210667 0.00433333 0.00533333
0 0.9575 0.041 0.00433333 0.00466667
0 0.9635 0.273833 0.00433333 0.00433333
0 0.805167 0.705833 0.00433333 0.005
0 0.744167 0.987167 0.00633333 0.00766667
0 0.804 0.6485 0.00466667 0.005
0 0.462667 0.913 0.00666667 0.00733333
0 0.107667 0.409 0.004 0.00466667
0 0.511167 0.424333 0.005 0.00533333
0 0.74 0.359833 0.00466667 0.005
0 0.8035 0.0546667 0.005 0.00533333
0 0.4 0.7015 0.004 0.00433333
0 0.2775 0.653667 0.005 0.00466667
0 0.655 0.108167 0.004 0.00433333
0 0.438667 0.931333 0.00666667 0.00733333
0 0.256833 0.550833 0.005 0.00566667
0 0.0623333 0.0398333 0.00466667 0.00433333
0 0.3005 0.639 0.005 0.00466667
0 0.904 0.291333 0.004 0.004
0 0.867167 0.6855 0.00633333 0.00633333
0 0.275667 0.7405 0.00333333 0.00366667
0 0.991167 0.863333 0.00633333 0.00733333
0 0.976667 0.154833 0.006 0.00633333
0 0.475667 0.419 0.00466667 0.00466667
0 0.992167 0.637 0.00566667 0.006
0 0.535667 0.6785 0.00666667 0.007
0 0.324167 0.448167 0.005 0.00566667
0 0.377333 0.306667 0.00733333 0.00666667
0 0.479167 0.964 0.00566667 0.006
0 0.485167 0.298833 0.005 0.005
0 0.613167 0.585 0.005 0.00533333
0 0.875167 0.279 0.00366667 0.004
0 0.934167 0.302 0.005 0.006
0 0.8975 0.2585 0.00433333 0.00433333
0 0.41 0.835167 0.00666667 0.007
0 0.151333 0.381 0.00466667 0.00533333
0 0.989333 0.9965 0.00666667 0.007
0 0.976667 0.2485 0.00533333 0.00566667
0 0.439833 0.881 0.007 0.008
0 0.142 0.443833 0.00466667 0.00566667
0 0.796667 0.211 0.00533333 0.006
0 0.6795 0.684333 0.00433333 0.00466667
0 0.220333 0.6215 0.006 0.00566667
0 0.953167 0.383 0.00433333 0.004
0 0.234333 0.612167 0.006 0.00633333
0 0.826167 0.561667 0.005 0.00533333
0 0.246833 0.624667 0.005 0.006
0 0.937167 0.9615 0.00766667 0.007
0 0.231 0.5695 0.006 0.00633333
0 0.9115 0.124833 0.00566667 0.005
0 0.458 0.248 0.00466667 0.00466667
0 0.405167 0.769167 0.00566667 0.00566667
0 0.679833 0.768333 0.00433333 0.00466667
0 0.5265 0.498833 0.007 0.007
0 0.671833 0.444 0.00433333 0.004
0 0.603167 0.841 0.00633333 0.00733333
0 0.642167 0.52 0.005 0.00533333
0 0.942667 0.7895 0.008 0.00766667
0 0.147833 0.561 0.00433333 0.00466667
0 0.764833 0.611 0.00566667 0.00666667
0 0.9215 0.0798333 0.005 0.005
0 0.675167 0.965167 0.00566667 0.00566667
0 0.791667 0.672 0.006 0.006
0 0.142 0.521667 0.00533333 0.00533333
0 0.573833 0.645167 0.007 0.007
0 0.520167 0.542333 0.007 0.008
0 0.807167 0.279667 0.00433333 0.004
0 0.632333 0.747 0.00533333 0.006
0 0.163667 0.603333 0.006 0.00666667
0 0.793 0.942167 0.006 0.00766667
0 0.517667 0.2175 0.00466667 0.005
0 0.713667 0.763833 0.00533333 0.00566667
0 0.942 0.997 0.006 0.006
0 0.128333 0.3915 0.00466667 0.00433333
0 0.841833 0.595 0.00566667 0.006
0 0.764833 0.384667 0.00366667 0.004
0 0.806833 0.0356667 0.00633333 0.00666667
0 0.900167 0.402833 0.00366667 0.00366667
0 0.197 0.620833 0.006 0.00566667
0 0.224 0.6315 0.00466667 0.00433333
0 0.794 0.0471667 0.006 0.00633333
0 0.360833 0.338833 0.00566667 0.00633333
0 0.177333 0.590167 0.00666667 0.007
0 0.425 0.7725 0.00666667 0.00766667
0 0.1935 0.608 0.00566667 0.00533333
0 0.3715 0.885333 0.007 0.008
0 0.511 0.7845 0.00733333 0.00833333
0 0.583 0.784167 0.006 0.00766667
0 0.540167 0.7055 0.00633333 0.007
