0 0.652833 0.228333 0.013 0.0146667
0 0.887 0.2455 0.0173333 0.0163333
0 0.454167 0.4945 0.025 0.0296667
0 0.2585 0.504167 0.0116667 0.013
0 0.840667 0.231333 0.0186667 0.0186667
0 0.6595 0.2285 0.025 0.017
0 0.132667 0.035 0.0133333 0.016
0 0.234167 0.150667 0.019 0.0173333
0 0.512333 0.067 0.014 0.0153333
0 0.833833 0.0621667 0.0216667 0.021
0 0.515333 0.559167 0.0126667 0.0176667
0 0.583667 0.367667 0.0193333 0.0173333
0 0.185167 0.202667 0.0163333 0.018
0 0.532 0.986833 0.018 0.0143333
0 0.1685 0.168333 0.015 0.0193333
0 0.5875 0.682 0.017 0.016
0 0.4015 0.791167 0.0123333 0.0143333
0 0.441333 0.2245 0.022 0.017
0 0.215167 0.153 0.015 0.0186667
0 0.7 0.265833 0.0226667 0.025
0 0.108333 0.0945 0.0186667 0.013
0 0.6025 0.399333 0.017 0.0166667
0 0.889667 0.0845 0.0173333 0.0203333
0 0.3015 0.295 0.019 0.0166667
0 0.5675 0.157 0.017 0.0186667
0 0.555667 0.944667 0.016 0.0186667
0 0.3225 0.3045 0.0196667 0.021
0 0.621333 0.908333 0.0106667 0.0146667
0 0.632333 0.351667 0.0213333 0.0206667
0 0.263833 0.525167 0.0183333 0.013
0 0.8595 0.257833 0.0216667 0.019
0 0.586333 0.549333 0.0193333 0.0213333
0 0.516333 0.170333 0.0266667 0.0206667
0 0.431 0.804667 0.0193333 0.014
0 0.5185 0.297833 0.019 0.015
0 0.675333 0.91 0.0153333 0.0146667
0 0.418833 0.681833 0.0143333 0.0203333
0 0.707167 0.322833 0.0163333 0.0196667
0 0.669833 0.636667 0.0176667 0.018
0 0.305333 0.499 0.0246667 0.0233333
0 0.451833 0.4865 0.019 0.0156667
0 0.720833 0.648 0.0176667 0.0146667
0 0.614333 0.4735 0.02 0.021
0 0.6285 0.972833 0.017 0.015
0 0.473167 0.601167 0.0216667 0.0183333
0 0.683833 0.869667 0.0143333 0.0186667
0 0.769 0.129833 0.0193333 0.021
0 0.554667 0.898167 0.012 0.0183333
0 0.421 0.758167 0.0173333 0.021
0 0.460833 0.513833 0.023 0.025
0 0.590833 0.912833 0.0143333 0.019
0 0.4445 0.632667 0.019 0.0126667
