0 0.617167 0.0766667 0.00633333 0.00666667
0 0.671167 0.362833 0.00833333 0.00966667
0 0.0305 0.951667 0.0123333 0.012
0 0.8585 0.2765 0.00633333 0.00633333
0 0.275667 0.177167 0.008 0.009
0 0.678 0.539333 0.016 0.0186667
0 0.719 0.720333 0.0146667 0.0106667
0 0.705 0.606667 0.012 0.014
0 0.224167 0.098 0.00566667 0.00666667
0 0.161 0.7755 0.00933333 0.0103333
0 0.443167 0.5 0.009 0.00866667
0 0.158667 0.763667 0.01 0.0113333
0 0.365167 0.6945 0.00766667 0.009
0 0.963167 0.423 0.00966667 0.012
0 0.686667 0.908833 0.00933333 0.011
0 0.339667 0.09 0.0106667 0.0106667
0 0.137667 0.9665 0.008 0.011
0 0.423167 0.984167 0.0116667 0.00966667
0 0.7625 0.473667 0.0103333 0.0126667
0 0.1775 0.525167 0.0123333 0.0163333
0 0.322833 0.682833 0.0103333 0.011
0 0.283 0.514167 0.0133333 0.00966667
0 0.2845 0.5825 0.0136667 0.0143333
