0 0.825833 0.2925 0.00633333 0.00633333
0 0.636667 0.544833 0.006 0.00633333
0 0.723167 0.571167 0.00633333 0.00633333
0 0.8635 0.426 0.005 0.00533333
0 0.9715 0.490833 0.00633333 0.00566667
0 0.709333 0.521833 0.00533333 0.005
0 0.739833 0.5535 0.00566667 0.00633333
0 0.772333 0.903 0.0173333 0.0153333
0 0.8425 0.7175 0.00833333 0.009
0 0.4415 0.5645 0.00366667 0.00433333
0 0.794167 0.396 0.005 0.006
0 0.829167 0.382667 0.005 0.00533333
0 0.642167 0.258 0.00566667 0.00533333
0 0.949333 0.596667 0.00533333 0.006
0 0.621 0.617333 0.00533333 0.00466667
0 0.930667 0.458833 0.00466667 0.00433333
0 0.376 0.544333 0.004 0.004
0 0.861667 0.635333 0.00733333 0.008
0 0.693333 0.214 0.006 0.006
0 0.360333 0.5095 0.006 0.00633333
0 0.848167 0.395333 0.00566667 0.00533333
0 0.0315 0.458833 0.0223333 0.023
0 0.290833 0.502667 0.005 0.00533333
0 0.5375 0.668 0.00566667 0.006
0 0.6855 0.291333 0.005 0.00533333
0 0.828167 0.408167 0.005 0.005
0 0.653667 0.4265 0.006 0.007
0 0.6475 0.515333 0.005 0.00533333
0 0.252333 0.4435 0.006 0.00633333
0 0.891167 0.429333 0.00566667 0.006
0 0.3915 0.613333 0.005 0.00533333
0 0.3375 0.477833 0.00566667 0.00566667
0 0.576333 0.406833 0.008 0.00766667
0 0.531 0.541 0.00466667 0.00533333
0 0.2595 0.4105 0.00633333 0.00633333
0 0.653667 0.782333 0.006 0.006
0 0.301833 0.525333 0.00566667 0.006
0 0.610833 0.755667 0.00566667 0.006
0 0.74 0.3195 0.006 0.00566667
0 0.930167 0.538167 0.00633333 0.00633333
0 0.824 0.306 0.00466667 0.00466667
0 0.906 0.5405 0.00533333 0.00633333
0 0.784333 0.329333 0.00733333 0.00866667
0 0.469833 0.698667 0.00566667 0.006
0 0.475 0.461833 0.014 0.011
0 0.376333 0.431 0.00666667 0.00666667
0 0.1045 0.236833 0.0323333 0.0283333
0 0.907333 0.6475 0.00666667 0.00833333
0 0.620167 0.381 0.00633333 0.00866667
0 0.618833 0.6365 0.005 0.005
0 0.701333 0.4355 0.00733333 0.00633333
0 0.699833 0.263667 0.00833333 0.00733333
0 0.891833 0.554167 0.007 0.00833333
0 0.681333 0.622333 0.00733333 0.00733333
0 0.678667 0.630167 0.00666667 0.00766667
0 0.6365 0.512 0.00766667 0.008
0 0.558 0.4755 0.006 0.00566667
0 0.6275 0.460167 0.005 0.00566667
0 0.728333 0.554333 0.00666667 0.00666667
0 0.701167 0.629833 0.00766667 0.009
0 0.316 0.592833 0.00866667 0.00966667
0 0.9065 0.515167 0.007 0.00833333
0 0.771 0.485167 0.00733333 0.007
0 0.670833 0.438833 0.007 0.009
0 0.622333 0.665 0.00666667 0.00666667
0 0.3935 0.412333 0.015 0.014
0 0.6355 0.405333 0.021 0.0193333
0 0.722667 0.347833 0.0133333 0.013
0 0.802333 0.693667 0.0173333 0.0166667
0 0.713667 0.481667 0.0146667 0.0186667
0 0.5035 0.6785 0.013 0.017
0 0.8645 0.888167 0.0183333 0.017
0 0.728167 0.466667 0.019 0.012
0 0.706167 0.702 0.0183333 0.012
0 0.241167 0.625167 0.0236667 0.0243333
0 0.983333 0.8365 0.0253333 0.029
0 0.453833 0.682333 0.015 0.0146667
0 0.783333 0.7615 0.0186667 0.0243333
