0 0.482333 0.115833 0.00733333 0.00766667
0 0.088 0.342333 0.006 0.00666667
0 0.524333 0.0198333 0.00866667 0.011
0 0.136667 0.778333 0.006 0.00666667
0 0.834167 0.419667 0.00433333 0.00666667
0 0.982167 0.594167 0.00633333 0.00633333
0 0.386 0.776 0.006 0.00666667
0 0.357333 0.116333 0.006 0.006
0 0.8905 0.00283333 0.00566667 0.00566667
0 0.973667 0.662 0.00533333 0.006
0 0.8595 0.431667 0.00433333 0.00533333
0 0.179 0.1715 0.00533333 0.00566667
0 0.0696667 0.550333 0.00733333 0.008
0 0.0461667 0.370167 0.00566667 0.00566667
0 0.810667 0.461333 0.00466667 0.006
0 0.833667 0.421333 0.004 0.004
0 0.306833 0.0946667 0.005 0.00466667
0 0.204833 0.458333 0.00566667 0.006
0 0.1665 0.108833 0.005 0.00566667
0 0.0966667 0.808667 0.00666667 0.00666667
0 0.864167 0.449333 0.00566667 0.006
0 0.580167 0.299667 0.00566667 0.006
0 0.264 0.424167 0.006 0.00633333
0 0.3 0.0921667 0.00533333 0.00566667
0 0.186167 0.265 0.007 0.00733333
0 0.27 0.0328333 0.006 0.00633333
0 0.320667 0.138167 0.006 0.007
0 0.7545 0.7435 0.007 0.00833333
0 0.287667 0.099 0.00466667 0.00533333
0 0.0133333 0.483167 0.00866667 0.0103333
0 0.840167 0.0706667 0.005 0.00533333
0 0.804167 0.6335 0.00566667 0.007
0 0.526167 0.021 0.007 0.00733333
0 0.650167 0.332167 0.00633333 0.007
0 0.621833 0.546167 0.00566667 0.00633333
0 0.0565 0.984833 0.00566667 0.00633333
0 0.535 0.464833 0.00933333 0.009
0 0.5295 0.2155 0.005 0.00566667
0 0.035 0.990833 0.00733333 0.00833333
0 0.328833 0.5985 0.007 0.007
0 0.606167 0.5285 0.005 0.00566667
0 0.309167 0.339 0.005 0.00533333
0 0.521333 0.0158333 0.00733333 0.00833333
0 0.573833 0.213333 0.00566667 0.006
0 0.542667 0.1505 0.00533333 0.00566667
0 0.564833 0.2435 0.005 0.00566667
0 0.281667 0.533833 0.00666667 0.00633333
0 0.00283333 0.7135 0.00566667 0.009
0 0.0671667 0.997 0.00633333 0.006
0 0.0035 0.774 0.007 0.00933333
0 0.385 0.0411667 0.006 0.00633333
0 0.987 0.803833 0.00666667 0.00766667
0 0.629833 0.018 0.0103333 0.00933333
0 0.761833 0.569667 0.00566667 0.00733333
0 0.855667 0.445833 0.00466667 0.005
0 0.0478333 0.140833 0.007 0.007
0 0.193333 0.0981667 0.00666667 0.00966667
0 0.217 0.846667 0.00666667 0.008
0 0.362333 0.211 0.006 0.00733333
0 0.5295 0.227333 0.00566667 0.006
0 0.2295 0.0641667 0.00766667 0.00966667
0 0.0865 0.9075 0.00566667 0.00633333
0 0.816 0.9245 0.00666667 0.00633333
0 0.8665 0.858333 0.00633333 0.00733333
0 0.207833 0.619333 0.00633333 0.006
0 0.6225 0.0616667 0.009 0.01
0 0.2425 0.573 0.007 0.00866667
0 0.8115 0.130167 0.00766667 0.00966667
0 0.177333 0.1235 0.00666667 0.00766667
0 0.516667 0.156333 0.008 0.008
0 0.782167 0.271167 0.007 0.00766667
0 0.003 0.965333 0.006 0.00733333
0 0.429167 0.0343333 0.009 0.00866667
0 0.756667 0.909833 0.00866667 0.0103333
0 0.409333 0.1335 0.00733333 0.009
0 0.965167 0.846333 0.00566667 0.00666667
0 0.800667 0.9745 0.00866667 0.00833333
0 0.913833 0.0903333 0.00766667 0.008
0 0.474833 0.860833 0.007 0.00833333
0 0.1525 0.465167 0.00566667 0.007
0 0.510833 0.1425 0.00766667 0.007
0 0.247667 0.954667 0.00866667 0.01
0 0.242 0.990833 0.008 0.009
0 0.0925 0.6435 0.00566667 0.00633333
0 0.517 0.2765 0.008 0.007
0 0.529833 0.495167 0.00766667 0.00966667
0 0.361167 0.806167 0.009 0.009
0 0.234167 0.6645 0.00833333 0.00833333
