0 0.885333 0.466667 0.00466667 0.00466667
0 0.605 0.0691667 0.008 0.0116667
0 0.015 0.992333 0.008 0.00933333
0 0.471167 0.541333 0.00966667 0.0106667
0 0.0356667 0.105 0.00933333 0.01
0 0.701333 0.561833 0.006 0.007
0 0.743 0.937333 0.00933333 0.00866667
0 0.958333 0.160833 0.008 0.011
0 0.2125 0.204833 0.00633333 0.00766667
0 0.161833 0.613333 0.00566667 0.00666667
0 0.0591667 0.9955 0.00833333 0.009
0 0.161833 0.3945 0.00833333 0.00766667
0 0.844333 0.1525 0.00666667 0.00833333
0 0.884333 0.569167 0.00666667 0.007
0 0.8185 0.3555 0.00633333 0.00566667
0 0.613833 0.00333333 0.00566667 0.00666667
0 0.136833 0.970333 0.00766667 0.008
0 0.662333 0.0843333 0.008 0.00933333
0 0.407333 0.408 0.01 0.0106667
0 0.1745 0.929667 0.00766667 0.008
0 0.041 0.915667 0.0106667 0.01
0 0.238 0.980167 0.00866667 0.0103333
0 0.952 0.187333 0.006 0.006
0 0.0958333 0.399 0.005 0.006
0 0.816 0.0466667 0.00733333 0.00733333
0 0.901833 0.366333 0.0123333 0.00933333
0 0.691667 0.599667 0.006 0.00666667
0 0.1485 0.333167 0.00633333 0.00633333
0 0.905 0.364667 0.00866667 0.008
0 0.147167 0.978833 0.00833333 0.009
0 0.943667 0.958167 0.00866667 0.00966667
0 0.61 0.203833 0.00733333 0.00833333
0 0.0551667 0.777333 0.009 0.012
0 0.889833 0.393833 0.00633333 0.00633333
0 0.429333 0.225 0.00733333 0.008
0 0.6215 0.192 0.009 0.01
0 0.912333 0.8795 0.00733333 0.00833333
0 0.1755 0.00866667 0.007 0.008
0 0.207167 0.575333 0.00833333 0.008
0 0.0231667 0.979833 0.009 0.0136667
0 0.938333 0.546333 0.006 0.006
0 0.568833 0.629167 0.00766667 0.009
0 0.930167 0.7985 0.00766667 0.00766667
0 0.63 0.0855 0.00666667 0.00766667
0 0.156333 0.265167 0.00866667 0.00766667
0 0.032 0.8055 0.00933333 0.0103333
0 0.3325 0.5125 0.00966667 0.011
0 0.9735 0.565667 0.007 0.008
0 0.228833 0.8065 0.007 0.00766667
0 0.959 0.157833 0.00733333 0.007
0 0.0415 0.263333 0.00633333 0.00666667
0 0.109333 0.0808333 0.01 0.00833333
0 0.0848333 0.463167 0.00766667 0.009
0 0.939333 0.794667 0.00733333 0.00733333
0 0.614333 0.677167 0.008 0.009
0 0.68 0.0215 0.00666667 0.0103333
0 0.845833 0.221667 0.009 0.01
0 0.602 0.2355 0.00666667 0.007
0 0.9825 0.0921667 0.007 0.00833333
0 0.445667 0.394667 0.00866667 0.00866667
0 0.0451667 0.905167 0.00833333 0.009
0 0.9085 0.204333 0.007 0.00733333
0 0.341333 0.898833 0.008 0.00833333
0 0.748167 0.674167 0.00633333 0.00633333
0 0.593667 0.886667 0.01 0.0106667
0 0.9605 0.658833 0.007 0.007
0 0.977 0.291667 0.00733333 0.008
0 0.928333 0.221167 0.00933333 0.009
0 0.9615 0.324667 0.00766667 0.008
0 0.799167 0.734 0.00766667 0.00733333
0 0.957167 0.165167 0.00633333 0.009
0 0.908667 0.81 0.00733333 0.00733333
0 0.8205 0.206167 0.00833333 0.009
0 0.351667 0.00483333 0.00933333 0.007
0 0.871667 0.7145 0.00533333 0.00566667
0 0.828 0.340167 0.006 0.00566667
0 0.899167 0.174833 0.00766667 0.009
0 0.475167 0.233333 0.00633333 0.00733333
0 0.200333 0.483667 0.006 0.008
0 0.604333 0.00766667 0.008 0.00933333
0 0.840667 0.6645 0.006 0.00833333
0 0.0818333 0.543 0.00766667 0.008
0 0.905333 0.388 0.00666667 0.00666667
0 0.433333 0.598 0.0106667 0.0106667
0 0.640667 0.192167 0.00933333 0.009
0 0.3595 0.311667 0.007 0.00866667
0 0.9715 0.619167 0.007 0.007
0 0.537667 0.422667 0.00733333 0.00933333
0 0.142333 0.888167 0.008 0.009
0 0.597833 0.0775 0.007 0.00833333
0 0.8425 0.218333 0.00833333 0.008
0 0.48 0.392833 0.01 0.009
0 0.938167 0.181167 0.009 0.0103333
0 0.8985 0.367833 0.00833333 0.00833333
0 0.7995 0.380667 0.00833333 0.00733333
0 0.634 0.063 0.00733333 0.00933333
0 0.819833 0.540333 0.00633333 0.008
0 0.4415 0.991333 0.011 0.00866667
0 0.854667 0.323167 0.00733333 0.00766667
0 0.876333 0.207 0.00666667 0.006
0 0.0686667 0.972 0.01 0.0113333
0 0.964667 0.112333 0.00733333 0.00866667
0 0.893833 0.3025 0.009 0.0103333
0 0.984667 0.33 0.00733333 0.00733333
0 0.583667 0.0615 0.00866667 0.0103333
0 0.207167 0.474333 0.00766667 0.00733333
0 0.2065 0.529333 0.0123333 0.01
0 0.8785 0.770833 0.007 0.007
0 0.6495 0.418 0.00833333 0.00666667
0 0.4885 0.335167 0.00633333 0.00633333
0 0.508 0.319167 0.00733333 0.011
0 0.303667 0.557167 0.008 0.00966667
0 0.9155 0.141667 0.007 0.00733333
0 0.606333 0.0665 0.00733333 0.00833333
0 0.589167 0.015 0.00833333 0.00933333
0 0.51 0.388167 0.00933333 0.00766667
0 0.886333 0.328833 0.00933333 0.009
0 0.919667 0.1765 0.00733333 0.00833333
0 0.917833 0.387833 0.00633333 0.00633333
0 0.897333 0.340167 0.008 0.00833333
0 0.866667 0.2155 0.00666667 0.007
0 0.985333 0.109 0.00733333 0.00933333
0 0.3605 0.118 0.00633333 0.008
0 0.869833 0.233 0.007 0.00666667
0 0.435167 0.199667 0.009 0.00933333
0 0.836333 0.593833 0.00533333 0.00633333
0 0.831833 0.5515 0.007 0.007
0 0.940667 0.192833 0.008 0.00966667
0 0.1465 0.5785 0.00766667 0.00966667
0 0.991 0.624667 0.00733333 0.008
0 0.911167 0.299833 0.007 0.00833333
0 0.883667 0.2195 0.00733333 0.007
0 0.973 0.696667 0.006 0.00733333
0 0.837833 0.200333 0.007 0.00733333
0 0.7825 0.610167 0.00633333 0.007
0 0.841 0.347333 0.00733333 0.00666667
0 0.471 0.9175 0.00866667 0.0136667
0 0.606667 0.036 0.0106667 0.01
0 0.805667 0.2995 0.00733333 0.00766667
0 0.882 0.760667 0.00733333 0.00666667
0 0.862667 0.1955 0.00733333 0.007
0 0.951167 0.1315 0.00766667 0.00766667
0 0.854833 0.573667 0.007 0.008
