0 0.539333 0.738833 0.00866667 0.00966667
0 0.4985 0.787 0.00633333 0.00733333
0 0.778833 0.827 0.013 0.01
0 0.230333 0.774833 0.006 0.00633333
0 0.865833 0.884167 0.00966667 0.00966667
0 0.4135 0.700833 0.00633333 0.007
0 0.867 0.243333 0.00533333 0.006
0 0.619667 0.990667 0.006 0.00666667
0 0.543667 0.764667 0.00733333 0.008
0 0.8305 0.724333 0.00566667 0.006
0 0.5275 0.644667 0.00633333 0.00666667
0 0.745 0.222333 0.00733333 0.008
0 0.784333 0.829667 0.00666667 0.00866667
0 0.065 0.605 0.008 0.008
0 0.860667 0.958833 0.00733333 0.00766667
0 0.227333 0.0233333 0.00733333 0.01
0 0.848167 0.835833 0.00566667 0.00633333
0 0.530167 0.299333 0.00633333 0.00666667
0 0.556667 0.409667 0.01 0.0106667
0 0.833167 0.9865 0.00633333 0.00766667
0 0.973667 0.682 0.00666667 0.00733333
0 0.495333 0.767 0.00666667 0.008
0 0.438 0.988333 0.00666667 0.00733333
0 0.1445 0.8065 0.00633333 0.007
0 0.868333 0.882833 0.00533333 0.00633333
0 0.216167 0.485667 0.0123333 0.014
0 0.702667 0.887333 0.00666667 0.008
0 0.706167 0.00533333 0.007 0.00733333
0 0.821833 0.808167 0.00633333 0.00633333
0 0.752667 0.0503333 0.00866667 0.0113333
0 0.824833 0.762333 0.00833333 0.00933333
0 0.743167 0.7915 0.009 0.009
0 0.792167 0.102667 0.007 0.008
0 0.842 0.974333 0.00666667 0.008
0 0.682333 0.772167 0.006 0.00766667
0 0.7635 0.931333 0.00966667 0.01
0 0.797167 0.991333 0.007 0.00666667
0 0.213333 0.878667 0.00666667 0.008
0 0.810833 0.964833 0.00633333 0.00766667
0 0.2195 0.719833 0.00633333 0.00766667
0 0.833167 0.900833 0.009 0.0103333
0 0.835167 0.1305 0.00766667 0.00966667
0 0.777 0.825667 0.00733333 0.00733333
0 0.684667 0.9885 0.01 0.00766667
0 0.0186667 0.929333 0.006 0.00666667
0 0.7555 0.0186667 0.00966667 0.01
0 0.393833 0.766 0.009 0.00933333
0 0.844333 0.2235 0.008 0.0103333
0 0.745333 0.38 0.00666667 0.00733333
0 0.8715 0.348667 0.007 0.00933333
0 0.326 0.0443333 0.00933333 0.0106667
0 0.182333 0.262 0.00933333 0.00933333
0 0.861833 0.885833 0.00633333 0.00766667
0 0.0623333 0.947833 0.00733333 0.00766667
0 0.754167 0.326333 0.009 0.00733333
0 0.739167 0.0213333 0.007 0.00733333
0 0.1885 0.800333 0.00966667 0.00733333
0 0.8175 0.947333 0.007 0.00866667
0 0.871833 0.489333 0.00633333 0.00866667
0 0.836167 0.934167 0.00766667 0.009
0 0.811167 0.457 0.009 0.01
0 0.4475 0.279 0.00966667 0.012
0 0.9615 0.670667 0.00966667 0.0113333
0 0.798833 0.892 0.00833333 0.00933333
0 0.256167 0.177 0.00966667 0.0113333
0 0.787667 0.332833 0.008 0.009
0 0.2225 0.251 0.00766667 0.008
0 0.490833 0.753167 0.00766667 0.00833333
0 0.842667 0.8795 0.00866667 0.009
0 0.85 0.918833 0.008 0.009
0 0.850833 0.858 0.00766667 0.01
0 0.802667 0.7965 0.006 0.007
0 0.850833 0.662167 0.00966667 0.00833333
0 0.108667 0.744667 0.008 0.00933333
0 0.817833 0.333667 0.007 0.00933333
0 0.006 0.140333 0.01 0.012
0 0.911167 0.4755 0.00766667 0.00833333
0 0.5705 0.113333 0.009 0.00933333
0 0.354667 0.343333 0.008 0.01
0 0.9165 0.401833 0.00766667 0.009
0 0.760167 0.527833 0.0116667 0.0123333
0 0.058 0.933833 0.008 0.00833333
0 0.399 0.359167 0.0106667 0.0103333
0 0.0571667 0.056 0.0116667 0.01
0 0.542833 0.171333 0.00833333 0.01
0 0.344167 0.324333 0.00833333 0.01
