0 0.214333 0.5845 0.0173333 0.0176667
0 0.418833 0.530167 0.011 0.0116667
0 0.7815 0.720667 0.015 0.0133333
0 0.221167 0.708333 0.0123333 0.0173333
0 0.159167 0.466833 0.0183333 0.017
0 0.226 0.294833 0.014 0.0156667
0 0.231333 0.469833 0.0173333 0.017
0 0.766667 0.525833 0.0113333 0.013
0 0.305667 0.431 0.0173333 0.0126667
0 0.900167 0.123333 0.015 0.0153333
0 0.1475 0.587833 0.0183333 0.013
0 0.693 0.466833 0.0173333 0.017
0 0.199167 0.415 0.0156667 0.016
0 0.463833 0.551667 0.0216667 0.0133333
0 0.364 0.368333 0.0226667 0.022
0 0.208 0.582167 0.0293333 0.0236667
0 0.272167 0.443333 0.0176667 0.0206667
0 0.3345 0.406333 0.0203333 0.0193333
0 0.5505 0.501 0.015 0.0193333
0 0.581667 0.457667 0.0153333 0.0186667
0 0.679333 0.551667 0.018 0.0146667
0 0.582 0.726167 0.012 0.0136667
0 0.648833 0.5115 0.0163333 0.0196667
0 0.828667 0.461333 0.018 0.02
0 0.565333 0.607667 0.0213333 0.0173333
0 0.667333 0.307333 0.02 0.0206667
0 0.357667 0.684667 0.0193333 0.0186667
