0 0.556833 0.0561667 0.0143333 0.0143333
0 0.688833 0.2545 0.0143333 0.015
0 0.623 0.196167 0.0126667 0.013
0 0.558333 0.722167 0.01 0.0103333
0 0.670167 0.796333 0.00833333 0.008
0 0.465 0.316333 0.0226667 0.0226667
0 0.919833 0.214667 0.013 0.016
0 0.809333 0.328833 0.0166667 0.017
0 0.340167 0.537167 0.0143333 0.019
0 0.223667 0.371667 0.0133333 0.0153333
0 0.576667 0.782667 0.0133333 0.0173333
0 0.284667 0.960167 0.0133333 0.0156667
0 0.758 0.495333 0.0133333 0.0193333
0 0.728167 0.502667 0.0143333 0.0113333
0 0.372667 0.722333 0.0253333 0.0253333
0 0.222 0.415333 0.0153333 0.0186667
0 0.4385 0.4985 0.0196667 0.019
0 0.507333 0.233 0.0213333 0.0153333
0 0.549333 0.546667 0.02 0.022
0 0.700667 0.6835 0.0146667 0.0176667
0 0.379667 0.505 0.0173333 0.02
0 0.388667 0.292833 0.02 0.0183333
0 0.3105 0.5085 0.0163333 0.0216667
0 0.823333 0.224667 0.02 0.0166667
0 0.731 0.561 0.016 0.0166667
0 0.336667 0.8695 0.0233333 0.0163333
0 0.298167 0.468833 0.0176667 0.0176667
0 0.430833 0.973333 0.0256667 0.0246667
