0 0.425333 0.563167 0.00933333 0.0116667
0 0.886 0.017 0.022 0.016
0 0.71 0.6115 0.01 0.00966667
0 0.333 0.7095 0.0186667 0.0176667
0 0.879 0.0205 0.0173333 0.0163333
0 0.458167 0.476667 0.011 0.0126667
0 0.41 0.642667 0.018 0.014
0 0.419833 0.507667 0.0136667 0.0113333
0 0.8115 0.926667 0.017 0.018
0 0.728667 0.1345 0.0186667 0.021
0 0.770833 0.607333 0.0123333 0.0126667
0 0.5745 0.775667 0.0136667 0.0113333
0 0.537167 0.773833 0.0156667 0.0203333
0 0.6905 0.5435 0.0136667 0.0103333
0 0.894833 0.0103333 0.0143333 0.0126667
0 0.716833 0.555167 0.0143333 0.0103333
0 0.463167 0.691 0.0123333 0.016
0 0.5995 0.923833 0.0143333 0.0176667
0 0.7385 0.7865 0.0196667 0.0183333
0 0.406167 0.520667 0.011 0.014
0 0.601833 0.505333 0.0123333 0.012
0 0.6725 0.598333 0.0136667 0.012
0 0.684833 0.588833 0.0116667 0.013
0 0.628 0.116333 0.0146667 0.016
0 0.565833 0.595667 0.015 0.0193333
0 0.860667 0.911 0.0173333 0.0186667
0 0.6165 0.272333 0.015 0.0193333
0 0.299667 0.381 0.018 0.0186667
0 0.617 0.834333 0.0213333 0.014
0 0.763 0.484667 0.0126667 0.014
0 0.8215 0.394167 0.019 0.011
0 0.695333 0.7425 0.0193333 0.0143333
0 0.905667 0.419167 0.02 0.0176667
0 0.592167 0.7965 0.0136667 0.019
0 0.646167 0.655167 0.015 0.0163333
0 0.785 0.312167 0.0166667 0.0143333
0 0.5685 0.897 0.017 0.0206667
0 0.687333 0.7755 0.022 0.017
0 0.606333 0.574333 0.02 0.0266667
0 0.582333 0.5025 0.0173333 0.0123333
