0 0.376333 0.417 0.00466667 0.00733333
0 0.564833 0.8355 0.00433333 0.00433333
0 0.045 0.2885 0.004 0.00433333
0 0.471167 0.391167 0.00566667 0.00633333
0 0.603667 0.997333 0.00333333 0.00333333
0 0.234833 0.561833 0.005 0.00766667
0 0.135 0.0766667 0.004 0.00466667
0 0.327667 0.293167 0.00466667 0.00433333
0 0.427167 0.4945 0.00433333 0.00433333
0 0.887167 0.600833 0.00433333 0.00433333
0 0.127167 0.00766667 0.005 0.006
0 0.875333 0.172333 0.00333333 0.00333333
0 0.635333 0.461833 0.00666667 0.007
0 0.7155 0.442167 0.00433333 0.00633333
0 0.287833 0.483 0.00366667 0.004
0 0.481333 0.713833 0.00333333 0.00366667
0 0.951333 0.442833 0.00333333 0.00366667
0 0.2555 0.462667 0.00366667 0.004
0 0.541667 0.8905 0.00333333 0.00366667
0 0.311167 0.555333 0.00433333 0.00466667
0 0.740167 0.069 0.005 0.006
0 0.294167 0.259667 0.00366667 0.00333333
0 0.7435 0.110333 0.00433333 0.00466667
0 0.0485 0.385667 0.00433333 0.004
0 0.126833 0.42 0.00433333 0.00466667
0 0.247 0.4635 0.00466667 0.005
0 0.649833 0.0933333 0.00433333 0.00533333
0 0.613 0.0775 0.00466667 0.005
0 0.0571667 0.3755 0.007 0.00566667
0 0.468333 0.383833 0.00333333 0.00366667
0 0.348167 0.355833 0.00433333 0.00366667
0 0.372167 0.427 0.00433333 0.00466667
0 0.231167 0.445833 0.00433333 0.00433333
0 0.346333 0.354667 0.004 0.00333333
0 0.4645 0.360833 0.005 0.00433333
0 0.9465 0.117833 0.00366667 0.00433333
0 0.885667 0.2915 0.00333333 0.00366667
0 0.214667 0.337667 0.004 0.004
0 0.451667 0.666167 0.00333333 0.00366667
0 0.153667 0.976667 0.004 0.004
0 0.2335 0.416333 0.00433333 0.00466667
0 0.2355 0.462 0.00366667 0.004
0 0.969667 0.2535 0.004 0.005
0 0.751333 0.875333 0.00333333 0.00333333
0 0.831333 0.424167 0.004 0.00433333
0 0.436833 0.507333 0.00433333 0.00533333
0 0.431 0.399833 0.004 0.005
0 0.0955 0.167333 0.005 0.00466667
0 0.729833 0.840167 0.00433333 0.00433333
0 0.1 0.1055 0.004 0.00433333
0 0.410667 0.600667 0.00466667 0.00666667
0 0.478 0.380167 0.004 0.005
0 0.439667 0.516833 0.00466667 0.005
0 0.253333 0.437667 0.00466667 0.00466667
0 0.216667 0.0465 0.00466667 0.005
0 0.0241667 0.377333 0.00566667 0.006
0 0.285167 0.432167 0.00433333 0.00433333
0 0.668833 0.142 0.005 0.00666667
0 0.717167 0.951167 0.00366667 0.005
0 0.002 0.344333 0.004 0.006
0 0.6365 0.1255 0.00366667 0.00433333
0 0.284833 0.920833 0.00366667 0.00433333
0 0.222667 0.306333 0.004 0.004
0 0.221333 0.0778333 0.004 0.00433333
0 0.102167 0.139333 0.00433333 0.00533333
0 0.3335 0.1085 0.005 0.005
0 0.430667 0.402833 0.004 0.00566667
0 0.0986667 0.107167 0.00333333 0.00566667
0 0.4555 0.656167 0.003 0.003
0 0.234333 0.427667 0.00466667 0.00533333
0 0.2135 0.0145 0.00366667 0.00366667
0 0.797833 0.643833 0.003 0.003
0 0.196167 0.345 0.00366667 0.004
0 0.363667 0.376167 0.004 0.00366667
0 0.616 0.180667 0.00333333 0.004
0 0.348 0.501333 0.004 0.00466667
0 0.994833 0.49 0.00433333 0.00466667
0 0.239833 0.4065 0.005 0.007
0 0.929167 0.124 0.00433333 0.00466667
0 0.568667 0.447333 0.00466667 0.00466667
0 0.9605 0.1295 0.00433333 0.00433333
0 0.83 0.424167 0.00333333 0.00366667
0 0.0365 0.315833 0.00633333 0.007
0 0.467167 0.7305 0.00433333 0.005
0 0.9685 0.612 0.00366667 0.004
0 0.262833 0.481167 0.00366667 0.005
0 0.577 0.0765 0.004 0.00433333
0 0.409667 0.601833 0.004 0.005
0 0.798833 0.00316667 0.00566667 0.00633333
0 0.8335 0.0161667 0.007 0.00833333
0 0.376667 0.344167 0.004 0.00433333
0 0.477333 0.379333 0.00333333 0.004
0 0.226833 0.438 0.00366667 0.00666667
0 0.690667 0.527833 0.004 0.00433333
0 0.479333 0.4395 0.004 0.00433333
0 0.098 0.109667 0.00333333 0.004
0 0.333167 0.575 0.00633333 0.00666667
0 0.786 0.87 0.004 0.004
0 0.379167 0.428833 0.00566667 0.00566667
0 0.8765 0.172833 0.00366667 0.00366667
0 0.4535 0.459833 0.005 0.005
0 0.385167 0.0503333 0.003 0.00333333
0 0.1515 0.4495 0.00366667 0.00366667
0 0.316333 0.553333 0.004 0.004
0 0.856333 0.430667 0.00466667 0.00533333
0 0.446667 0.3705 0.00333333 0.00366667
0 0.741667 0.0151667 0.00466667 0.00566667
0 0.423333 0.592167 0.00466667 0.00566667
0 0.439 0.5475 0.004 0.00433333
0 0.433833 0.501833 0.005 0.00633333
0 0.475667 0.393833 0.00533333 0.00633333
0 0.463 0.359833 0.004 0.005
0 0.71 0.345333 0.004 0.00466667
0 0.5795 0.1705 0.00433333 0.00433333
0 0.345667 0.166167 0.00466667 0.00566667
0 0.579167 0.0351667 0.00433333 0.00433333
0 0.7225 0.292833 0.00433333 0.005
0 0.4675 0.392833 0.00433333 0.005
0 0.495333 0.407667 0.006 0.00666667
0 0.114 0.216833 0.00333333 0.00433333
0 0.136833 0.0708333 0.00433333 0.005
0 0.391167 0.562167 0.005 0.005
0 0.203833 0.1415 0.00433333 0.00433333
0 0.2815 0.451833 0.00433333 0.00433333
0 0.217833 0.644167 0.00433333 0.00433333
0 0.24 0.465 0.004 0.004
0 0.357333 0.505 0.004 0.00466667
0 0.461 0.133833 0.00333333 0.00366667
0 0.778667 0.388333 0.00466667 0.00533333
0 0.546833 0.555833 0.00366667 0.00433333
0 0.187833 0.0848333 0.00366667 0.00366667
0 0.4 0.465 0.004 0.004
0 0.6305 0.389333 0.00633333 0.00733333
0 0.606 0.798833 0.004 0.00433333
0 0.285 0.212 0.00533333 0.006
0 0.959167 0.505333 0.003 0.00333333
0 0.7915 0.00283333 0.005 0.00566667
0 0.590333 0.1835 0.004 0.00433333
0 0.343667 0.353167 0.00333333 0.00366667
0 0.218833 0.459833 0.00366667 0.00433333
0 0.445167 0.1025 0.00433333 0.005
0 0.663 0.0718333 0.00533333 0.005
0 0.618 0.0533333 0.00466667 0.00466667
0 0.826167 0.639333 0.00366667 0.004
0 0.512667 0.066 0.00266667 0.00333333
0 0.719833 0.758167 0.00433333 0.005
0 0.287 0.602833 0.00533333 0.00633333
0 0.394667 0.613167 0.004 0.00433333
0 0.9825 0.506833 0.00433333 0.005
0 0.8915 0.339333 0.005 0.006
0 0.238333 0.4515 0.00333333 0.00366667
0 0.201167 0.0548333 0.00366667 0.00433333
0 0.272833 0.394167 0.00366667 0.00366667
0 0.764667 0.3175 0.004 0.005
0 0.4375 0.346167 0.00366667 0.00433333
0 0.646667 0.107 0.004 0.004
0 0.0121667 0.547667 0.005 0.00533333
0 0.388 0.569167 0.00533333 0.00566667
0 0.428667 0.443833 0.00466667 0.005
0 0.611333 0.911833 0.004 0.00433333
0 0.516833 0.9355 0.00366667 0.00433333
0 0.189333 0.941 0.00466667 0.004
0 0.4495 0.712667 0.005 0.00533333
0 0.201 0.101667 0.00466667 0.00466667
0 0.444667 0.521667 0.004 0.00533333
0 0.770333 0.306667 0.00466667 0.00533333
0 0.728667 0.335333 0.004 0.00466667
0 0.3195 0.809167 0.00433333 0.005
0 0.0748333 0.4675 0.00433333 0.00433333
0 0.547667 0.7995 0.00466667 0.005
0 0.609 0.790667 0.00466667 0.00466667
0 0.6195 0.912 0.00366667 0.00466667
0 0.738 0.633 0.006 0.00666667
0 0.715 0.4405 0.004 0.005
0 0.859 0.890167 0.00466667 0.00433333
0 0.368167 0.365667 0.00366667 0.004
0 0.473833 0.393167 0.00633333 0.007
0 0.119333 0.390167 0.00466667 0.005
0 0.249333 0.436333 0.004 0.00533333
0 0.684333 0.283667 0.00533333 0.00533333
0 0.293 0.903 0.004 0.004
0 0.322167 0.274667 0.00566667 0.006
0 0.411667 0.5985 0.00466667 0.005
0 0.364 0.153833 0.00533333 0.00566667
0 0.241833 0.861 0.00366667 0.004
0 0.299833 0.199333 0.005 0.006
0 0.643333 0.270333 0.00466667 0.00466667
0 0.0185 0.597 0.00433333 0.004
0 0.735833 0.447667 0.00433333 0.00466667
0 0.465333 0.394667 0.004 0.00466667
0 0.224833 0.519667 0.005 0.00466667
0 0.2345 0.559167 0.00433333 0.005
0 0.270667 0.991 0.004 0.00466667
0 0.83 0.6815 0.00466667 0.00566667
0 0.0245 0.953167 0.005 0.005
0 0.028 0.00683333 0.006 0.00633333
0 0.753 0.5825 0.00466667 0.005
0 0.251167 0.436167 0.00433333 0.005
0 0.789 0.907667 0.00466667 0.00466667
0 0.5305 0.247833 0.00433333 0.00433333
0 0.390667 0.488667 0.00466667 0.00533333
0 0.842333 0.437833 0.00466667 0.00433333
0 0.803833 0.5025 0.00433333 0.00433333
0 0.547167 0.425 0.00433333 0.00466667
0 0.961167 0.6395 0.00433333 0.005
0 0.630333 0.977833 0.00333333 0.00366667
0 0.103333 0.164667 0.004 0.00466667
0 0.227833 0.435167 0.00366667 0.005
0 0.5155 0.975167 0.00366667 0.00433333
0 0.2325 0.414667 0.00366667 0.004
0 0.417667 0.477167 0.004 0.00433333
0 0.584 0.122833 0.004 0.005
0 0.521333 0.958333 0.004 0.004
0 0.403333 0.4525 0.00466667 0.00433333
0 0.435167 0.213333 0.005 0.00533333
0 0.870833 0.1705 0.00366667 0.00433333
0 0.0226667 0.790167 0.00466667 0.005
0 0.798833 0.952667 0.00366667 0.00466667
0 0.825833 0.163 0.00433333 0.00466667
0 0.6295 0.9395 0.003 0.00366667
0 0.621333 0.689833 0.006 0.00566667
0 0.826 0.864667 0.00466667 0.00466667
0 0.1205 0.6725 0.00433333 0.00433333
0 0.5375 0.554167 0.00433333 0.00433333
0 0.523 0.788833 0.004 0.00433333
0 0.470167 0.753667 0.00433333 0.00466667
0 0.6385 0.112667 0.00433333 0.00466667
0 0.619167 0.254 0.005 0.00533333
0 0.698167 0.7315 0.00433333 0.00433333
0 0.46 0.415833 0.00533333 0.00766667
0 0.440667 0.530333 0.00333333 0.004
0 0.574167 0.0581667 0.00433333 0.00433333
0 0.0498333 0.4135 0.00433333 0.005
0 0.431833 0.484 0.00566667 0.006
0 0.733833 0.0638333 0.00366667 0.00433333
0 0.709667 0.036 0.00533333 0.006
0 0.695167 0.1465 0.00366667 0.00433333
0 0.6415 0.182833 0.00366667 0.00366667
0 0.182667 0.965333 0.004 0.004
0 0.615 0.795333 0.00533333 0.00533333
0 0.241167 0.451667 0.00566667 0.006
0 0.8225 0.582333 0.00433333 0.00466667
0 0.796 0.0453333 0.00466667 0.00466667
0 0.0815 0.6965 0.005 0.00433333
0 0.6515 0.0796667 0.00433333 0.00466667
0 0.2495 0.390167 0.005 0.005
0 0.0356667 0.488333 0.00466667 0.00466667
0 0.437333 0.387667 0.00466667 0.00466667
0 0.9255 0.396167 0.00433333 0.005
0 0.0585 0.458667 0.00433333 0.00466667
0 0.329 0.519167 0.006 0.007
0 0.4895 0.741167 0.00366667 0.00433333
0 0.534667 0.9965 0.004 0.00433333
0 0.386167 0.205 0.00433333 0.00466667
0 0.482667 0.418667 0.006 0.00866667
0 0.958167 0.649 0.005 0.00533333
0 0.938 0.355667 0.004 0.004
0 0.102167 0.437833 0.005 0.005
0 0.504833 0.635667 0.00366667 0.004
0 0.0926667 0.803333 0.00933333 0.00866667
0 0.731667 0.26 0.00533333 0.006
0 0.172 0.957667 0.00466667 0.004
0 0.467833 0.949833 0.005 0.005
0 0.426167 0.4495 0.00433333 0.00566667
0 0.268833 0.436 0.00433333 0.00466667
0 0.659667 0.458 0.006 0.00733333
0 0.3225 0.107833 0.00433333 0.005
0 0.342667 0.419 0.004 0.004
0 0.709833 0.219333 0.00433333 0.00466667
0 0.977 0.9535 0.00533333 0.00566667
0 0.2915 0.3715 0.00433333 0.00433333
0 0.967333 0.182833 0.00333333 0.00366667
0 0.183167 0.4965 0.00433333 0.005
0 0.419167 0.457333 0.00433333 0.00466667
0 0.820667 0.0618333 0.00466667 0.005
0 0.156 0.428167 0.004 0.00433333
0 0.449667 0.44 0.00466667 0.006
0 0.0861667 0.1305 0.00366667 0.00433333
0 0.0986667 0.0546667 0.004 0.00466667
0 0.784833 0.9135 0.00366667 0.00433333
0 0.1775 0.540333 0.00433333 0.00466667
0 0.456667 0.411833 0.00466667 0.005
0 0.437167 0.407667 0.00433333 0.00466667
0 0.453333 0.884 0.004 0.00466667
0 0.220167 0.253 0.005 0.00533333
0 0.668 0.139667 0.004 0.00466667
0 0.316667 0.300667 0.00466667 0.00533333
0 0.054 0.553833 0.004 0.00433333
0 0.8015 0.6675 0.00366667 0.00433333
0 0.232833 0.404 0.00566667 0.006
0 0.02 0.984833 0.00533333 0.00566667
0 0.399167 0.474167 0.00633333 0.00633333
0 0.460167 0.370667 0.00433333 0.00466667
0 0.231833 0.129333 0.005 0.00466667
0 0.757167 0.8005 0.00366667 0.00366667
0 0.9515 0.870333 0.005 0.00533333
0 0.106167 0.039 0.00433333 0.00466667
0 0.836167 0.424167 0.00366667 0.00433333
0 0.737167 0.0975 0.00433333 0.005
0 0.0801667 0.450333 0.00433333 0.00466667
0 0.0656667 0.471833 0.00466667 0.005
0 0.948 0.3645 0.00466667 0.00433333
0 0.792333 0.674 0.00333333 0.004
0 0.467833 0.743 0.00433333 0.00466667
0 0.06 0.440667 0.00466667 0.00533333
0 0.836 0.46 0.00533333 0.00533333
0 0.571 0.250667 0.00466667 0.00466667
0 0.659167 0.141333 0.00433333 0.00466667
0 0.5785 0.402833 0.00433333 0.00433333
0 0.244667 0.872667 0.00466667 0.006
0 0.263667 0.383833 0.00466667 0.00433333
0 0.521333 0.753167 0.00466667 0.00433333
0 0.243667 0.451167 0.00533333 0.00566667
0 0.2705 0.972667 0.005 0.00533333
0 0.775833 0.577667 0.005 0.00466667
0 0.396 0.605 0.00533333 0.00466667
0 0.7335 0.646833 0.005 0.00566667
0 0.194667 0.478833 0.004 0.00433333
0 0.192667 0.517833 0.00466667 0.00433333
0 0.423833 0.5435 0.00566667 0.00633333
0 0.721333 0.117333 0.00466667 0.00533333
0 0.4815 0.534167 0.00433333 0.00433333
0 0.381333 0.529167 0.00466667 0.005
0 0.0451667 0.991333 0.005 0.00533333
0 0.67 0.1455 0.00466667 0.00633333
0 0.377833 0.404 0.00433333 0.006
0 0.241 0.116 0.00466667 0.00466667
0 0.9475 0.165833 0.00433333 0.00433333
0 0.209833 0.374667 0.00433333 0.00466667
0 0.115667 0.1615 0.00333333 0.00433333
0 0.737667 0.731 0.00466667 0.00466667
0 0.828667 0.350167 0.00466667 0.005
0 0.481 0.361667 0.00333333 0.004
0 0.748667 0.216667 0.004 0.00533333
0 0.766 0.852333 0.00466667 0.00533333
0 0.784667 0.662 0.004 0.00466667
0 0.401333 0.4735 0.00533333 0.00566667
0 0.765833 0.885833 0.00433333 0.005
0 0.855333 0.770667 0.004 0.00466667
0 0.394833 0.414333 0.005 0.00533333
0 0.299833 0.501667 0.005 0.00466667
0 0.433667 0.728 0.00533333 0.006
0 0.2665 0.4885 0.00433333 0.005
0 0.886667 0.029 0.00533333 0.006
0 0.598 0.252167 0.00533333 0.005
0 0.684667 0.353833 0.006 0.00633333
0 0.4715 0.961333 0.00366667 0.00466667
0 0.0728333 0.4005 0.00366667 0.00433333
0 0.2945 0.492833 0.00433333 0.00433333
0 0.260667 0.539 0.00533333 0.00533333
0 0.943167 0.8165 0.00433333 0.005
0 0.336167 0.911667 0.00433333 0.00466667
0 0.715333 0.447333 0.004 0.00466667
0 0.0343333 0.348667 0.004 0.00466667
0 0.0213333 0.895833 0.00733333 0.00766667
0 0.824333 0.226833 0.004 0.00433333
0 0.399333 0.570667 0.00533333 0.00533333
0 0.0455 0.3285 0.00566667 0.00633333
0 0.194 0.5285 0.006 0.00633333
0 0.836833 0.866 0.00433333 0.00466667
0 0.435 0.414667 0.00466667 0.00466667
0 0.177167 0.489333 0.00433333 0.00466667
0 0.461667 0.891833 0.00466667 0.005
0 0.300333 0.525667 0.004 0.004
0 0.481833 0.749 0.00433333 0.00466667
0 0.455 0.794 0.00466667 0.00466667
0 0.236 0.427667 0.00466667 0.00466667
0 0.858333 0.877667 0.004 0.00466667
0 0.7985 0.915667 0.00366667 0.00466667
0 0.0425 0.377167 0.00366667 0.00433333
0 0.375167 0.414833 0.00566667 0.007
0 0.284167 0.381333 0.00366667 0.004
0 0.241167 0.704 0.005 0.00533333
0 0.677 0.334833 0.00666667 0.007
0 0.232 0.576333 0.004 0.004
0 0.403833 0.444667 0.005 0.00466667
0 0.428333 0.390833 0.00466667 0.005
0 0.482833 0.768333 0.00433333 0.00466667
0 0.700333 0.6515 0.006 0.00633333
0 0.222167 0.912333 0.005 0.00466667
0 0.363 0.716 0.00533333 0.00533333
0 0.148833 0.575333 0.00433333 0.00466667
0 0.894333 0.216667 0.004 0.00466667
0 0.422167 0.562833 0.00566667 0.00633333
0 0.81 0.466833 0.00466667 0.005
0 0.827667 0.00616667 0.00666667 0.00633333
0 0.469 0.4435 0.004 0.00366667
0 0.00483333 0.4425 0.005 0.005
0 0.418167 0.4855 0.005 0.005
0 0.1765 0.638 0.00433333 0.00466667
0 0.624167 0.442667 0.00566667 0.00666667
0 0.707167 0.242 0.005 0.006
0 0.380833 0.601 0.005 0.006
0 0.429167 0.574667 0.00366667 0.00466667
0 0.661667 0.590667 0.006 0.00666667
0 0.8625 0.167333 0.00366667 0.004
0 0.233833 0.565833 0.005 0.005
0 0.796667 0.8435 0.004 0.00433333
0 0.835333 0.411833 0.004 0.00433333
0 0.412 0.573167 0.00466667 0.005
0 0.0165 0.5565 0.00566667 0.00633333
0 0.657667 0.410333 0.006 0.00733333
0 0.4485 0.359333 0.00433333 0.00466667
0 0.0905 0.446833 0.00433333 0.00433333
0 0.466167 0.361833 0.005 0.00566667
0 0.566667 0.431167 0.00466667 0.00566667
0 0.489167 0.431833 0.00566667 0.00633333
0 0.240667 0.532833 0.00466667 0.005
0 0.215667 0.481167 0.006 0.00633333
0 0.4345 0.459667 0.005 0.00533333
0 0.405833 0.422 0.005 0.00533333
0 0.244333 0.419167 0.004 0.00366667
0 0.458 0.353333 0.004 0.00466667
0 0.231167 0.5465 0.00566667 0.00633333
0 0.4225 0.412 0.00566667 0.006
0 0.198167 0.561333 0.005 0.00533333
0 0.0688333 0.328167 0.005 0.005
0 0.291833 0.535 0.00433333 0.00466667
0 0.452833 0.431833 0.00833333 0.0103333
0 0.450167 0.346833 0.005 0.005
0 0.398833 0.350833 0.00566667 0.005
0 0.291833 0.280667 0.005 0.00466667
0 0.193667 0.491167 0.00466667 0.005
0 0.327333 0.5825 0.00533333 0.005
0 0.240833 0.439167 0.00433333 0.00433333
0 0.180167 0.509167 0.00433333 0.00433333
0 0.474 0.410667 0.00533333 0.00466667
0 0.3245 0.542333 0.00566667 0.00666667
0 0.244667 0.573 0.00666667 0.006
0 0.2395 0.549667 0.005 0.004
0 0.4735 0.371833 0.00433333 0.00366667
0 0.435167 0.435 0.00633333 0.006
