0 0.893667 0.447667 0.0206667 0.0186667
0 0.2905 0.663833 0.00966667 0.00966667
0 0.923667 0.504833 0.02 0.019
0 0.701833 0.330333 0.019 0.018
0 0.157167 0.448667 0.013 0.0106667
0 0.895167 0.547667 0.0236667 0.0186667
0 0.678 0.721667 0.016 0.0153333
0 0.508667 0.475333 0.014 0.016
0 0.631 0.806833 0.018 0.0196667
0 0.0516667 0.613333 0.0153333 0.01
0 0.609333 0.596167 0.014 0.0136667
0 0.424167 0.492667 0.0183333 0.0153333
0 0.486 0.824167 0.0146667 0.015
0 0.510167 0.6495 0.011 0.0136667
0 0.681333 0.495833 0.012 0.0143333
0 0.473167 0.771833 0.0116667 0.019
0 0.0526667 0.896167 0.0166667 0.0183333
0 0.421 0.721 0.0186667 0.02
0 0.785 0.592833 0.016 0.019
0 0.528333 0.224333 0.0146667 0.014
0 0.317 0.813333 0.0186667 0.024
0 0.782667 0.403167 0.0186667 0.0123333
0 0.220167 0.784667 0.0156667 0.0206667
0 0.805667 0.483167 0.0206667 0.0163333
