0 0.0576667 0.247833 0.01 0.011
0 0.1825 0.434667 0.0143333 0.014
0 0.177833 0.303333 0.0123333 0.014
0 0.113833 0.460167 0.0123333 0.0123333
0 0.909333 0.805167 0.00533333 0.00566667
0 0.6995 0.663 0.00633333 0.00666667
0 0.0873333 0.294167 0.0113333 0.013
0 0.216833 0.8005 0.00833333 0.0103333
0 0.174167 0.327167 0.0103333 0.00966667
0 0.215833 0.546833 0.009 0.0103333
0 0.0648333 0.584333 0.007 0.00666667
0 0.167167 0.247333 0.009 0.00933333
0 0.192 0.559667 0.00933333 0.01
0 0.0686667 0.119667 0.00933333 0.0106667
0 0.214667 0.3285 0.012 0.0136667
0 0.169167 0.428833 0.0156667 0.015
0 0.708167 0.5035 0.019 0.0216667
0 0.2055 0.3585 0.009 0.0103333
0 0.3615 0.521667 0.013 0.012
0 0.163833 0.47 0.0116667 0.0113333
0 0.430333 0.530167 0.01 0.0103333
0 0.752 0.7225 0.0166667 0.0156667
0 0.204667 0.4255 0.01 0.011
0 0.4575 0.618833 0.0116667 0.0123333
0 0.122667 0.291333 0.01 0.01
0 0.0065 0.0955 0.0123333 0.0156667
0 0.886833 0.787 0.005 0.00533333
0 0.1785 0.432833 0.0236667 0.019
0 0.188167 0.679 0.011 0.0133333
0 0.246167 0.3995 0.009 0.009
0 0.0326667 0.1945 0.0153333 0.0136667
0 0.151667 0.422833 0.0106667 0.0103333
0 0.733833 0.573 0.0156667 0.0186667
0 0.228167 0.576833 0.0103333 0.0116667
0 0.0613333 0.446833 0.0126667 0.0123333
0 0.257 0.501167 0.00933333 0.0116667
0 0.132333 0.433167 0.0133333 0.0123333
0 0.5965 0.992 0.0156667 0.0153333
0 0.0696667 0.434833 0.012 0.0123333
0 0.5975 0.862 0.021 0.02
0 0.375167 0.539333 0.0143333 0.0126667
0 0.300333 0.5905 0.0153333 0.011
