0 0.985 0.105833 0.00533333 0.00566667
0 0.384667 0.120167 0.004 0.00433333
0 0.429833 0.18 0.00366667 0.004
0 0.788667 0.421667 0.008 0.00866667
0 0.292833 0.622833 0.00566667 0.00633333
0 0.676667 0.837333 0.00866667 0.00933333
0 0.400167 0.993667 0.00566667 0.00733333
0 0.215333 0.2765 0.00466667 0.00633333
0 0.699333 0.343667 0.00666667 0.00666667
0 0.307667 0.616167 0.00666667 0.00766667
0 0.415667 0.372333 0.004 0.00466667
0 0.714833 0.508333 0.00633333 0.00666667
0 0.420667 0.204833 0.00466667 0.005
0 0.222167 0.622167 0.00633333 0.00766667
0 0.929667 0.786833 0.00533333 0.00566667
0 0.329167 0.152667 0.00766667 0.00866667
0 0.985333 0.351333 0.00866667 0.01
0 0.844167 0.860833 0.009 0.00833333
0 0.688 0.595333 0.00666667 0.008
0 0.72 0.302333 0.00533333 0.00533333
0 0.7115 0.1265 0.00766667 0.00833333
0 0.818333 0.2415 0.008 0.00833333
0 0.498833 0.893 0.00833333 0.0106667
0 0.0581667 0.995 0.007 0.00866667
0 0.908833 0.912167 0.00833333 0.009
0 0.488333 0.991 0.00533333 0.00533333
0 0.797333 0.110667 0.006 0.006
0 0.770167 0.765 0.0103333 0.01
0 0.679167 0.247333 0.00833333 0.00866667
0 0.0156667 0.92 0.00733333 0.00733333
0 0.8265 0.089 0.00633333 0.00666667
0 0.5475 0.323833 0.00633333 0.007
0 0.808 0.718333 0.0106667 0.0106667
0 0.3845 0.872833 0.00633333 0.00833333
0 0.337333 0.912667 0.00666667 0.00666667
0 0.4615 0.267167 0.00433333 0.00433333
0 0.157 0.272167 0.00533333 0.005
0 0.987833 0.662833 0.0103333 0.0123333
0 0.462 0.390833 0.00466667 0.005
0 0.978333 0.296833 0.00666667 0.00766667
0 0.769167 0.3495 0.00766667 0.00966667
0 0.583 0.343667 0.006 0.00666667
0 0.356 0.0543333 0.006 0.00666667
0 0.5265 0.863 0.00766667 0.01
0 0.796833 0.091 0.007 0.00733333
0 0.734667 0.284667 0.00933333 0.01
0 0.841333 0.772333 0.01 0.0126667
0 0.458 0.435167 0.008 0.00766667
0 0.587167 0.786 0.00833333 0.00866667
0 0.748333 0.196 0.00666667 0.008
0 0.947 0.891 0.006 0.00733333
0 0.924833 0.312 0.009 0.00933333
0 0.107833 0.3685 0.00633333 0.007
0 0.3425 0.386833 0.007 0.00766667
0 0.185167 0.9425 0.00566667 0.007
0 0.1295 0.938667 0.00633333 0.00666667
0 0.328667 0.821333 0.008 0.00866667
0 0.728 0.428833 0.006 0.00633333
0 0.983833 0.605833 0.00833333 0.0103333
0 0.173167 0.898333 0.005 0.006
0 0.190333 0.581167 0.008 0.00833333
0 0.2805 0.344333 0.007 0.00733333
0 0.706667 0.263333 0.00866667 0.008
0 0.1695 0.991833 0.00766667 0.00966667
0 0.987167 0.3495 0.007 0.009
0 0.149 0.873667 0.00666667 0.00666667
0 0.393667 0.495667 0.00666667 0.00666667
0 0.215833 0.0965 0.00966667 0.00966667
0 0.439667 0.996833 0.00466667 0.005
0 0.704 0.354833 0.008 0.00833333
0 0.531333 0.192833 0.008 0.009
0 0.972333 0.575833 0.01 0.00966667
0 0.174833 0.428167 0.00766667 0.009
0 0.981 0.3125 0.008 0.00766667
0 0.681167 0.379 0.00566667 0.00733333
0 0.167667 0.3275 0.006 0.007
0 0.373667 0.742333 0.00733333 0.00733333
0 0.746667 0.582 0.008 0.008
0 0.810667 0.691 0.0126667 0.0133333
0 0.134 0.946167 0.00533333 0.00633333
0 0.145333 0.6325 0.00666667 0.00833333
0 0.525667 0.0598333 0.008 0.009
0 0.035 0.4945 0.00866667 0.00966667
0 0.862167 0.890833 0.00633333 0.00633333
0 0.686167 0.548833 0.00633333 0.00766667
0 0.312167 0.267167 0.00566667 0.00633333
0 0.5475 0.0733333 0.009 0.00866667
0 0.165 0.970333 0.00733333 0.00866667
0 0.753833 0.620167 0.00766667 0.0103333
0 0.870167 0.866833 0.00633333 0.007
0 0.155667 0.944167 0.00666667 0.00766667
0 0.172167 0.4595 0.007 0.009
0 0.175167 0.381333 0.00633333 0.00666667
0 0.7565 0.263833 0.00966667 0.009
0 0.148 0.729333 0.008 0.00666667
0 0.150333 0.956833 0.00666667 0.007
0 0.0868333 0.973167 0.00633333 0.00633333
0 0.127 0.985333 0.01 0.01
0 0.210667 0.4465 0.00733333 0.00766667
0 0.782333 0.277167 0.008 0.00833333
0 0.175333 0.943167 0.00733333 0.00966667
0 0.301833 0.7205 0.007 0.00766667
0 0.148333 0.694167 0.008 0.00766667
0 0.105333 0.9875 0.00733333 0.00766667
0 0.171 0.9145 0.00666667 0.00833333
