0 0.762833 0.176333 0.00633333 0.00866667
0 0.759 0.888833 0.00533333 0.00633333
0 0.257333 0.444833 0.00933333 0.009
0 0.648 0.997167 0.00533333 0.00566667
0 0.545833 0.195333 0.007 0.00666667
0 0.579167 0.244833 0.007 0.00766667
0 0.578 0.089 0.006 0.008
0 0.0855 0.252167 0.00633333 0.007
0 0.6275 0.299 0.007 0.00733333
0 0.410667 0.589 0.00666667 0.01
0 0.744833 0.761833 0.00766667 0.00833333
0 0.677667 0.659 0.00733333 0.00866667
0 0.414833 0.962833 0.00633333 0.007
0 0.871333 0.827 0.00733333 0.00666667
0 0.430667 0.974833 0.006 0.007
0 0.404833 0.5825 0.00766667 0.00766667
0 0.385 0.8145 0.006 0.00633333
0 0.121333 0.00266667 0.00733333 0.00533333
0 0.519333 0.894333 0.006 0.008
0 0.8815 0.7665 0.00633333 0.007
0 0.806333 0.102 0.00733333 0.008
0 0.552 0.919333 0.006 0.00666667
0 0.543833 0.297333 0.007 0.00666667
0 0.3645 0.793667 0.0116667 0.0113333
0 0.417167 0.434667 0.009 0.008
0 0.593833 0.654 0.007 0.00733333
0 0.4845 0.320333 0.007 0.00666667
0 0.251833 0.0818333 0.00566667 0.00633333
0 0.646333 0.792167 0.006 0.007
0 0.443667 0.814167 0.00866667 0.0103333
0 0.367167 0.0846667 0.005 0.00533333
0 0.656333 0.593 0.008 0.00933333
0 0.536833 0.332167 0.007 0.007
0 0.597167 0.967167 0.00633333 0.007
0 0.354 0.0365 0.00533333 0.00566667
0 0.427333 0.517833 0.01 0.00966667
0 0.217833 0.0318333 0.00833333 0.007
0 0.426833 0.315833 0.007 0.00633333
0 0.606333 0.762833 0.006 0.00633333
0 0.851 0.2915 0.00666667 0.00766667
0 0.6915 0.574333 0.00833333 0.00933333
0 0.624167 0.528833 0.00833333 0.009
0 0.901667 0.809333 0.00666667 0.00666667
0 0.610333 0.029 0.00666667 0.00733333
0 0.586833 0.3165 0.00766667 0.007
0 0.919 0.830333 0.008 0.00866667
0 0.978667 0.446167 0.006 0.00633333
0 0.466 0.535833 0.00733333 0.00966667
0 0.499833 0.332 0.00633333 0.00866667
0 0.304667 0.032 0.00733333 0.00733333
0 0.938167 0.292833 0.009 0.00833333
0 0.437333 0.773 0.012 0.014
0 0.566667 0.494833 0.00933333 0.0103333
