0 0.7195 0.430333 0.00633333 0.00666667
0 0.735167 0.4115 0.00566667 0.00566667
0 0.248667 0.434 0.01 0.00933333
0 0.584333 0.2455 0.006 0.00633333
0 0.747833 0.889667 0.0103333 0.0133333
0 0.49 0.175 0.004 0.00466667
0 0.7195 0.3835 0.005 0.00566667
0 0.640667 0.307667 0.0126667 0.0113333
0 0.6995 0.195167 0.00966667 0.0103333
0 0.870333 0.6205 0.0133333 0.015
0 0.199667 0.259333 0.00733333 0.00733333
0 0.204667 0.447667 0.012 0.0126667
0 0.759167 0.524 0.007 0.00733333
0 0.292333 0.479 0.0213333 0.0293333
0 0.22 0.983167 0.0206667 0.0203333
0 0.436167 0.186833 0.007 0.007
0 0.360333 0.2845 0.00866667 0.00966667
0 0.336333 0.341167 0.014 0.0176667
0 0.365167 0.8715 0.0136667 0.0116667
0 0.267833 0.1995 0.00966667 0.0103333
0 0.260333 0.383333 0.014 0.0153333
0 0.337833 0.516 0.021 0.016
0 0.157667 0.286833 0.0193333 0.015
0 0.784667 0.741833 0.016 0.015
0 0.318167 0.228167 0.0143333 0.0143333
0 0.269 0.906333 0.0193333 0.0186667
0 0.132667 0.415667 0.02 0.0146667
0 0.0428333 0.378167 0.0216667 0.013
0 0.847 0.726833 0.014 0.0156667
0 0.471667 0.335333 0.0153333 0.0193333
0 0.253833 0.553167 0.0143333 0.021
0 0.832 0.7995 0.014 0.0163333
0 0.842167 0.769333 0.0183333 0.02
0 0.288 0.327 0.0126667 0.016
0 0.556 0.502833 0.014 0.0143333
0 0.524833 0.803667 0.015 0.0133333
0 0.5375 0.780167 0.0143333 0.0136667
0 0.4985 0.433 0.017 0.0146667
0 0.434 0.3975 0.02 0.0256667
0 0.654167 0.712667 0.019 0.02
0 0.6675 0.861333 0.017 0.0153333
0 0.568167 0.758667 0.013 0.0153333
0 0.624167 0.631167 0.0163333 0.013
0 0.451667 0.7665 0.0173333 0.0136667
0 0.4975 0.486833 0.019 0.0116667
0 0.757667 0.288167 0.014 0.00966667
0 0.501667 0.339 0.0193333 0.02
0 0.738667 0.581333 0.0193333 0.02
