0 0.578333 0.662667 0.00866667 0.00933333
0 0.591 0.626667 0.0113333 0.012
0 0.222333 0.0625 0.024 0.023
0 0.664167 0.377667 0.0143333 0.0153333
0 0.569667 0.235667 0.0173333 0.0153333
0 0.265833 0.576 0.0216667 0.024
0 0.532 0.892667 0.0126667 0.0153333
0 0.423667 0.246167 0.0206667 0.017
0 0.486833 0.509 0.0216667 0.0166667
0 0.589333 0.333167 0.018 0.019
0 0.736333 0.0283333 0.014 0.016
0 0.387333 0.336167 0.0253333 0.0176667
0 0.404833 0.602167 0.021 0.0176667
0 0.460167 0.791833 0.0163333 0.0103333
0 0.312333 0.536333 0.0213333 0.022
0 0.4705 0.5755 0.0203333 0.0183333
0 0.480333 0.341 0.0246667 0.0193333
0 0.682833 0.505 0.0183333 0.0193333
