0 0.183833 0.9705 0.0156667 0.0183333
0 0.701 0.0288333 0.0146667 0.011
0 0.823667 0.949167 0.0126667 0.013
0 0.338167 0.687 0.007 0.00933333
0 0.297333 0.843667 0.0106667 0.0106667
0 0.718167 0.4595 0.0123333 0.0116667
0 0.906333 0.148333 0.0146667 0.018
0 0.423 0.791667 0.012 0.0186667
0 0.856333 0.418333 0.0146667 0.0126667
0 0.901167 0.307667 0.0103333 0.0106667
0 0.053 0.31 0.0173333 0.018
0 0.635833 0.126667 0.011 0.012
0 0.400833 0.777 0.011 0.0133333
0 0.0151667 0.298833 0.0123333 0.0123333
0 0.549667 0.6285 0.00866667 0.0103333
0 0.572 0.499167 0.012 0.0123333
0 0.833 0.318167 0.0133333 0.011
0 0.632667 0.0281667 0.012 0.019
0 0.484 0.259333 0.0113333 0.014
0 0.712667 0.897333 0.014 0.016
0 0.438667 0.560667 0.0186667 0.014
0 0.515333 0.9515 0.0153333 0.019
0 0.657667 0.463167 0.0113333 0.0103333
0 0.380667 0.771833 0.0113333 0.0116667
0 0.736167 0.767667 0.013 0.0113333
0 0.505 0.694167 0.012 0.011
0 0.246833 0.757833 0.013 0.0136667
0 0.991833 0.701 0.0136667 0.0133333
0 0.366 0.732667 0.0146667 0.012
0 0.77 0.965667 0.018 0.0193333
0 0.318333 0.0331667 0.0173333 0.0176667
0 0.372167 0.716333 0.0136667 0.01
0 0.0186667 0.175167 0.022 0.0183333
0 0.8325 0.587 0.0136667 0.0126667
0 0.808 0.478833 0.0126667 0.015
0 0.958167 0.574333 0.0183333 0.012
0 0.913833 0.442667 0.0143333 0.0146667
0 0.790167 0.462667 0.0136667 0.0106667
0 0.927 0.480667 0.0153333 0.012
0 0.371167 0.574 0.0123333 0.014
0 0.681 0.654833 0.0113333 0.0143333
0 0.665333 0.0296667 0.0133333 0.018
0 0.543 0.357 0.016 0.014
0 0.416167 0.699833 0.017 0.015
0 0.695333 0.0461667 0.0173333 0.0163333
0 0.596333 0.227167 0.014 0.017
0 0.805167 0.633167 0.0176667 0.0123333
0 0.756167 0.599 0.0143333 0.0146667
0 0.776 0.469167 0.012 0.0163333
0 0.8985 0.236667 0.0243333 0.0206667
