0 0.642667 0.815667 0.014 0.012
0 0.287 0.393167 0.00466667 0.00566667
0 0.745667 0.733 0.00733333 0.00866667
0 0.33 0.4025 0.0186667 0.011
0 0.00983333 0.0205 0.011 0.0103333
0 0.393333 0.755167 0.00933333 0.0103333
0 0.462333 0.799833 0.014 0.015
0 0.895167 0.288 0.00833333 0.01
0 0.913333 0.2825 0.0113333 0.011
0 0.71 0.767333 0.0146667 0.0126667
0 0.367 0.047 0.0106667 0.0146667
0 0.591167 0.858333 0.017 0.0126667
0 0.562167 0.781833 0.00833333 0.0103333
0 0.768333 0.609 0.012 0.0126667
0 0.3705 0.593167 0.013 0.00966667
0 0.309667 0.427833 0.00866667 0.0103333
0 0.3525 0.120667 0.00966667 0.012
0 0.636333 0.748333 0.012 0.01
0 0.337667 0.399 0.0126667 0.0113333
0 0.333333 0.180167 0.00866667 0.0116667
0 0.737667 0.681833 0.0113333 0.0123333
0 0.779167 0.549667 0.0123333 0.0106667
0 0.307167 0.470833 0.0103333 0.011
0 0.687 0.00616667 0.016 0.0123333
0 0.400167 0.7355 0.011 0.011
0 0.363 0.5965 0.012 0.011
0 0.326667 0.403667 0.00933333 0.012
0 0.513833 0.474333 0.013 0.0113333
0 0.3 0.311167 0.0133333 0.0103333
0 0.3465 0.558667 0.0103333 0.01
0 0.984 0.9045 0.0166667 0.013
0 0.5675 0.1155 0.0136667 0.0176667
0 0.311 0.326333 0.0126667 0.014
0 0.775333 0.0343333 0.0153333 0.02
0 0.487167 0.639333 0.0123333 0.00733333
0 0.346667 0.6565 0.0106667 0.0103333
0 0.325 0.580333 0.00933333 0.0106667
0 0.5485 0.009 0.0156667 0.016
0 0.651 0.00933333 0.0146667 0.0186667
0 0.584833 0.762333 0.00966667 0.0106667
0 0.413667 0.469 0.0126667 0.0126667
0 0.346833 0.2105 0.0103333 0.0116667
0 0.4985 0.809333 0.0163333 0.0153333
0 0.311167 0.574 0.011 0.0106667
0 0.669333 0.346667 0.0146667 0.0133333
0 0.730833 0.299833 0.0116667 0.0136667
0 0.631333 0.3965 0.0173333 0.0163333
0 0.591 0.711 0.00933333 0.012
0 0.3795 0.1395 0.011 0.0136667
0 0.5505 0.439333 0.0163333 0.0166667
0 0.581333 0.6675 0.012 0.0123333
0 0.614333 0.307 0.016 0.0206667
0 0.377333 0.6565 0.0153333 0.011
0 0.575667 0.568667 0.0146667 0.0133333
0 0.576333 0.507833 0.012 0.0176667
0 0.787167 0.475167 0.0143333 0.0156667
0 0.758667 0.318 0.0153333 0.018
0 0.612167 0.433667 0.017 0.0126667
0 0.5275 0.660333 0.00966667 0.0113333
