0 0.620333 0.519167 0.022 0.0183333
0 0.448667 0.0111667 0.01 0.013
0 0.520833 0.00466667 0.0136667 0.00933333
0 0.956667 0.0396667 0.0133333 0.0133333
0 0.9165 0.601 0.0103333 0.00866667
0 0.627667 0.0125 0.0153333 0.0136667
0 0.848833 0.997 0.00833333 0.006
0 0.731 0.521167 0.0166667 0.0156667
0 0.0761667 0.62 0.019 0.0173333
0 0.73 0.366333 0.0173333 0.0146667
0 0.989833 0.036 0.0183333 0.0193333
0 0.0816667 0.603 0.0133333 0.0133333
0 0.545333 0.591167 0.0133333 0.013
0 0.0443333 0.576167 0.0193333 0.0176667
0 0.616833 0.517333 0.0116667 0.0153333
0 0.566833 0.605 0.011 0.0106667
0 0.992333 0.6435 0.0153333 0.0156667
0 0.681667 0.0975 0.0126667 0.015
0 0.8945 0.00766667 0.0123333 0.0146667
0 0.881167 0.155833 0.0136667 0.017
0 0.493833 0.474667 0.0156667 0.016
0 0.486833 0.506 0.0183333 0.0166667
0 0.6425 0.123167 0.015 0.017
0 0.632833 0.5255 0.0183333 0.0156667
0 0.823 0.4655 0.0193333 0.013
0 0.8595 0.0678333 0.0156667 0.0163333
0 0.875667 0.965 0.0153333 0.0173333
0 0.688667 0.529167 0.018 0.0116667
0 0.806167 0.009 0.0176667 0.016
0 0.930333 0.965667 0.0173333 0.0166667
0 0.633667 0.437667 0.0153333 0.0173333
0 0.513667 0.661833 0.02 0.015
0 0.569833 0.978167 0.0183333 0.0196667
0 0.852833 0.486333 0.0196667 0.0213333
0 0.7515 0.552333 0.0156667 0.018
0 0.737 0.525833 0.024 0.019
0 0.849833 0.946667 0.0156667 0.0146667
0 0.773167 0.535833 0.0156667 0.017
0 0.847333 0.523167 0.0193333 0.015
0 0.7085 0.587667 0.013 0.0153333
0 0.820167 0.561667 0.0196667 0.018
