0 0.474833 0.4485 0.00566667 0.00566667
0 0.904667 0.00766667 0.0253333 0.0153333
0 0.0876667 0.128833 0.0206667 0.0216667
0 0.5185 0.448667 0.005 0.00533333
0 0.545167 0.514333 0.00433333 0.00466667
0 0.586333 0.580833 0.00466667 0.005
0 0.483 0.489333 0.00466667 0.00466667
0 0.516833 0.514833 0.00433333 0.00433333
0 0.536333 0.547833 0.00466667 0.00566667
0 0.461333 0.4645 0.004 0.00433333
0 0.452833 0.407 0.005 0.00533333
0 0.596333 0.446 0.00533333 0.00533333
0 0.531 0.516333 0.00533333 0.00533333
0 0.0645 0.466333 0.0223333 0.0206667
0 0.672667 0.685167 0.0186667 0.019
0 0.3325 0.742833 0.021 0.0216667
0 0.574333 0.333667 0.016 0.0186667
0 0.441667 0.353333 0.0106667 0.0133333
0 0.472167 0.394167 0.0156667 0.013
0 0.321333 0.619667 0.022 0.02
0 0.383 0.747 0.0153333 0.02
