0 0.453 0.614667 0.006 0.006
0 0.0153333 0.189333 0.008 0.00866667
0 0.889167 0.380333 0.00766667 0.008
0 0.8855 0.903833 0.00833333 0.00766667
0 0.808333 0.845833 0.008 0.00766667
0 0.591333 0.606 0.00666667 0.00666667
0 0.884167 0.230833 0.00566667 0.00633333
0 0.299167 0.0271667 0.007 0.00766667
0 0.551 0.441333 0.00866667 0.01
0 0.270667 0.2025 0.00733333 0.00766667
0 0.203833 0.122833 0.00633333 0.007
0 0.3105 0.803667 0.00633333 0.00666667
0 0.967667 0.0353333 0.00666667 0.008
0 0.200333 0.987167 0.00333333 0.00433333
0 0.0548333 0.189333 0.009 0.00733333
0 0.966167 0.133 0.00566667 0.00733333
0 0.681667 0.353833 0.00533333 0.00566667
0 0.9375 0.843333 0.009 0.01
0 0.1445 0.6595 0.00566667 0.00633333
0 0.437167 0.0585 0.009 0.009
0 0.277667 0.0696667 0.01 0.0126667
0 0.003 0.0306667 0.006 0.00933333
0 0.697833 0.756667 0.00633333 0.00666667
0 0.367667 0.761 0.008 0.008
0 0.187833 0.980833 0.005 0.00633333
0 0.274667 0.538167 0.0106667 0.0116667
0 0.664333 0.299833 0.00666667 0.00633333
0 0.894667 0.199 0.006 0.00733333
0 0.990167 0.0673333 0.00833333 0.008
0 0.637833 0.716167 0.00633333 0.00766667
0 0.668333 0.850333 0.006 0.00733333
0 0.230667 0.0116667 0.00733333 0.00733333
0 0.347833 0.9865 0.007 0.00833333
0 0.282 0.0745 0.00733333 0.011
0 0.00816667 0.815333 0.00633333 0.00733333
0 0.6175 0.6 0.00633333 0.008
0 0.997667 0.304 0.00466667 0.00466667
0 0.7825 0.150167 0.00566667 0.00633333
0 0.626667 0.2795 0.006 0.00766667
0 0.6195 0.536667 0.00633333 0.01
0 0.9355 0.806167 0.00766667 0.007
0 0.193333 0.169333 0.00866667 0.0113333
0 0.168 0.0698333 0.00933333 0.011
0 0.379167 0.0536667 0.0103333 0.0106667
0 0.826667 0.0965 0.006 0.00633333
0 0.0831667 0.519 0.00833333 0.0126667
0 0.202333 0.828667 0.00666667 0.008
0 0.676833 0.6185 0.00633333 0.007
0 0.921 0.0843333 0.008 0.008
0 0.988833 0.293 0.007 0.00733333
0 0.721833 0.1335 0.007 0.00766667
0 0.269333 0.05 0.008 0.00866667
0 0.151667 0.559333 0.00866667 0.0106667
0 0.9785 0.308667 0.007 0.00733333
0 0.891 0.272 0.00733333 0.00733333
0 0.274167 0.066 0.00833333 0.00866667
0 0.420833 0.118667 0.007 0.0106667
0 0.746167 0.172333 0.00633333 0.00733333
0 0.2725 0.235333 0.00766667 0.01
0 0.875667 0.1255 0.00733333 0.007
0 0.2835 0.698833 0.00833333 0.009
0 0.427333 0.0363333 0.00666667 0.00933333
0 0.537333 0.926167 0.00866667 0.009
0 0.510333 0.335167 0.00866667 0.009
0 0.517333 0.828333 0.00866667 0.01
0 0.650833 0.558167 0.007 0.00966667
0 0.324833 0.546167 0.00766667 0.00833333
0 0.315167 0.770333 0.00833333 0.008
0 0.717 0.349667 0.00933333 0.008
0 0.335167 0.824167 0.007 0.00766667
0 0.375 0.4145 0.00933333 0.0123333
0 0.6735 0.196 0.00633333 0.00666667
0 0.277 0.521333 0.00866667 0.00866667
0 0.213167 0.820667 0.007 0.01
0 0.845 0.0298333 0.00866667 0.00766667
0 0.685667 0.292833 0.00666667 0.00766667
0 0.436167 0.136833 0.009 0.009
0 0.64 0.159833 0.00933333 0.007
0 0.697833 0.285833 0.00633333 0.007
0 0.203167 0.845667 0.00833333 0.0113333
0 0.663667 0.0925 0.00933333 0.00766667
0 0.489333 0.6895 0.01 0.0123333
0 0.236833 0.2515 0.00966667 0.011
0 0.402833 0.131667 0.009 0.01
0 0.534333 0.0295 0.008 0.0103333
0 0.952167 0.176667 0.007 0.00866667
0 0.190167 0.148333 0.0103333 0.01
0 0.439333 0.073 0.008 0.008
0 0.366 0.860333 0.00933333 0.00866667
0 0.2645 0.616833 0.00833333 0.00833333
0 0.628 0.823667 0.01 0.008
0 0.3 0.171 0.00866667 0.0113333
0 0.568833 0.832 0.0103333 0.014
