0 0.907833 0.46 0.0123333 0.0146667
0 0.469667 0.804167 0.012 0.0123333
0 0.110667 0.975333 0.0133333 0.0133333
0 0.869167 0.012 0.0136667 0.0153333
0 0.359667 0.440333 0.006 0.006
0 0.00683333 0.476 0.0136667 0.0133333
0 0.4785 0.903667 0.0123333 0.0146667
0 0.867167 0.977833 0.013 0.015
0 0.499 0.429167 0.00466667 0.005
0 0.498667 0.733167 0.0106667 0.0116667
0 0.971 0.486667 0.0206667 0.0133333
0 0.5145 0.474833 0.00633333 0.007
0 0.835833 0.405 0.0116667 0.00933333
0 0.166 0.281667 0.014 0.01
0 0.674 0.837167 0.012 0.0116667
0 0.609 0.701667 0.00733333 0.008
0 0.991833 0.5955 0.013 0.0123333
0 0.0075 0.481333 0.015 0.0273333
0 0.996 0.538667 0.008 0.00933333
0 0.054 0.874167 0.0113333 0.015
0 0.996333 0.826 0.00733333 0.00866667
0 0.699167 0.396667 0.0123333 0.0146667
0 0.308 0.953 0.014 0.0173333
0 0.898167 0.383333 0.0116667 0.0113333
0 0.0945 0.9045 0.0136667 0.0136667
0 0.570833 0.304 0.00966667 0.0113333
0 0.381833 0.3335 0.0116667 0.009
0 0.337167 0.840667 0.0163333 0.014
0 0.254333 0.342833 0.0126667 0.00966667
0 0.3745 0.955 0.0143333 0.0153333
0 0.0345 0.533667 0.0136667 0.0126667
0 0.868 0.833667 0.0113333 0.0146667
0 0.9445 0.531167 0.015 0.017
0 0.375 0.664667 0.01 0.0106667
0 0.839333 0.402 0.016 0.0126667
0 0.336833 0.992167 0.0143333 0.0136667
0 0.7195 0.718167 0.0123333 0.011
0 0.592833 0.915167 0.011 0.013
0 0.0531667 0.377 0.011 0.014
0 0.955667 0.800833 0.016 0.017
0 0.2 0.826833 0.0146667 0.0123333
0 0.896667 0.493333 0.012 0.0113333
0 0.885833 0.840833 0.0136667 0.017
0 0.672167 0.758833 0.00966667 0.0116667
0 0.546667 0.625167 0.01 0.0103333
0 0.962833 0.5885 0.0136667 0.0123333
0 0.605333 0.601 0.0153333 0.01
0 0.395667 0.448833 0.0126667 0.009
0 0.0803333 0.9145 0.0146667 0.0143333
0 0.523 0.641333 0.0113333 0.00933333
0 0.800667 0.3475 0.0133333 0.0163333
0 0.709167 0.644333 0.009 0.008
0 0.878833 0.377667 0.0123333 0.0146667
0 0.370167 0.357667 0.011 0.0106667
0 0.0328333 0.7545 0.0196667 0.017
0 0.730333 0.652333 0.0113333 0.00866667
0 0.6785 0.625333 0.00766667 0.00866667
0 0.254333 0.473 0.0113333 0.0113333
0 0.75 0.633667 0.0113333 0.01
0 0.970333 0.885333 0.0133333 0.0166667
0 0.5585 0.592667 0.00966667 0.0113333
0 0.817333 0.575 0.012 0.012
0 0.504333 0.594167 0.0106667 0.011
0 0.942833 0.463667 0.0176667 0.0153333
0 0.624167 0.300333 0.00766667 0.008
0 0.899 0.554333 0.016 0.0166667
0 0.319167 0.406167 0.0116667 0.0123333
0 0.564167 0.949167 0.0123333 0.0143333
0 0.348333 0.371333 0.00933333 0.01
0 0.684833 0.561 0.00966667 0.0113333
0 0.722 0.437167 0.00933333 0.011
0 0.988167 0.556667 0.015 0.0146667
0 0.643333 0.408833 0.0113333 0.0123333
0 0.870167 0.921333 0.0103333 0.0153333
0 0.602 0.6335 0.0126667 0.011
0 0.763833 0.364833 0.0136667 0.011
0 0.899167 0.443833 0.0143333 0.011
0 0.874 0.663667 0.0153333 0.0146667
0 0.258 0.302667 0.0126667 0.012
0 0.497833 0.365167 0.0123333 0.0103333
0 0.383833 0.3765 0.013 0.00966667
0 0.435833 0.5285 0.0123333 0.013
0 0.697667 0.402 0.0126667 0.02
0 0.568167 0.341667 0.0143333 0.0133333
0 0.639167 0.491 0.0183333 0.012
0 0.499667 0.490333 0.0106667 0.0113333
0 0.845167 0.8465 0.0143333 0.0143333
0 0.391167 0.434333 0.0116667 0.0126667
0 0.617333 0.5135 0.0126667 0.011
0 0.409667 0.423167 0.012 0.0123333
0 0.448167 0.320667 0.0123333 0.0106667
0 0.455 0.347333 0.00933333 0.0106667
0 0.674333 0.393833 0.01 0.0103333
0 0.5965 0.501667 0.00966667 0.014
0 0.831333 0.371833 0.016 0.0116667
0 0.474333 0.388333 0.0113333 0.0106667
0 0.736333 0.585 0.0126667 0.0113333
