0 0.925167 0.037 0.017 0.02
0 0.132833 0.739667 0.0223333 0.0233333
0 0.602 0.463667 0.0213333 0.0166667
0 0.6465 0.503667 0.011 0.014
0 0.331833 0.5815 0.015 0.0136667
0 0.553167 0.390333 0.0123333 0.0173333
0 0.595 0.468 0.0153333 0.0153333
0 0.251333 0.576333 0.012 0.0126667
0 0.607833 0.458833 0.013 0.0163333
0 0.509667 0.4795 0.016 0.0123333
0 0.306333 0.514667 0.0113333 0.012
0 0.196 0.119333 0.016 0.022
0 0.134667 0.136833 0.0166667 0.0203333
0 0.927833 0.0955 0.0196667 0.0203333
0 0.846167 0.0915 0.0203333 0.0236667
0 0.415333 0.696833 0.0153333 0.0123333
