0 0.405 0.1935 0.00866667 0.0103333
0 0.2065 0.405833 0.00566667 0.00633333
0 0.483 0.537 0.00933333 0.00933333
0 0.347167 0.680167 0.00633333 0.00766667
0 0.218833 0.0235 0.00833333 0.00833333
0 0.9785 0.960167 0.00766667 0.009
0 0.545667 0.738333 0.00866667 0.00933333
0 0.2045 0.0913333 0.0123333 0.00866667
0 0.357667 0.683667 0.00733333 0.008
0 0.930833 0.680667 0.013 0.0153333
0 0.917667 0.0721667 0.006 0.00633333
0 0.2855 0.240833 0.00966667 0.0123333
0 0.254667 0.77 0.0106667 0.00933333
0 0.6385 0.933833 0.00766667 0.00833333
0 0.0693333 0.224 0.00733333 0.008
0 0.383333 0.183833 0.01 0.0116667
0 0.401333 0.923 0.00866667 0.00866667
0 0.321833 0.575167 0.00766667 0.00833333
0 0.151 0.145 0.00733333 0.008
0 0.158833 0.152833 0.007 0.00966667
0 0.1805 0.236833 0.00833333 0.00766667
0 0.481833 0.265 0.011 0.012
0 0.227833 0.522667 0.00833333 0.00933333
0 0.792667 0.108833 0.0133333 0.00966667
0 0.0931667 0.346833 0.00766667 0.009
0 0.643667 0.340333 0.0106667 0.00866667
0 0.492167 0.460833 0.0116667 0.011
0 0.491667 0.630333 0.0126667 0.0186667
0 0.1705 0.115167 0.0116667 0.0116667
0 0.5875 0.574 0.0116667 0.0193333
0 0.6175 0.332333 0.009 0.0113333
0 0.0761667 0.409833 0.00833333 0.00833333
0 0.0546667 0.567333 0.012 0.00933333
0 0.115 0.290833 0.00933333 0.009
0 0.0373333 0.939667 0.01 0.012
0 0.238333 0.545 0.008 0.00933333
0 0.622667 0.5365 0.00933333 0.011
0 0.6455 0.542333 0.00966667 0.0153333
0 0.118167 0.258167 0.00833333 0.009
0 0.6265 0.402667 0.00966667 0.0106667
0 0.248833 0.5075 0.007 0.00833333
0 0.313833 0.26 0.011 0.00933333
0 0.356833 0.177333 0.0103333 0.0106667
