0 0.663333 0.7875 0.0133333 0.0136667
0 0.552333 0.9455 0.0173333 0.0156667
0 0.168167 0.637 0.011 0.0113333
0 0.718667 0.661333 0.0126667 0.012
0 0.650333 0.887667 0.018 0.018
0 0.6405 0.706 0.0176667 0.0146667
0 0.552833 0.664333 0.0243333 0.034
0 0.5475 0.656667 0.0143333 0.014
0 0.658833 0.4195 0.021 0.025
0 0.293167 0.135667 0.029 0.0353333
0 0.103667 0.409 0.0206667 0.0153333
0 0.25 0.354 0.014 0.018
0 0.555167 0.669 0.0156667 0.0206667
0 0.939667 0.238667 0.0173333 0.0213333
0 0.993333 0.276167 0.0133333 0.0156667
0 0.955333 0.097 0.016 0.0173333
0 0.9845 0.407667 0.015 0.0186667
0 0.467167 0.4635 0.0263333 0.017
0 0.262 0.7425 0.0173333 0.0216667
0 0.911333 0.204667 0.016 0.0246667
0 0.714833 0.406833 0.0196667 0.023
0 0.637167 0.599167 0.0196667 0.015
0 0.827167 0.519 0.0236667 0.0173333
0 0.713667 0.642 0.014 0.012
0 0.5525 0.1875 0.0236667 0.0183333
0 0.872167 0.4505 0.017 0.0116667
0 0.567167 0.812333 0.0203333 0.0126667
0 0.363667 0.4625 0.0193333 0.021
