0 0.360667 0.524 0.022 0.0186667
0 0.474667 0.287 0.0286667 0.0266667
0 0.669167 0.1055 0.021 0.0263333
0 0.290667 0.7185 0.0166667 0.0183333
0 0.452 0.993 0.0153333 0.0133333
0 0.320833 0.732167 0.015 0.0183333
0 0.487 0.926 0.0146667 0.016
0 0.5155 0.136 0.013 0.018
0 0.636667 0.0983333 0.0153333 0.0233333
0 0.382167 0.625333 0.0176667 0.0126667
0 0.828333 0.720833 0.0153333 0.0143333
0 0.5745 0.336 0.033 0.0273333
0 0.688333 0.612167 0.0153333 0.019
0 0.512333 0.95 0.0126667 0.0133333
0 0.587667 0.854333 0.0146667 0.0166667
0 0.538333 0.812167 0.0166667 0.0176667
