0 0.118833 0.221167 0.0156667 0.0123333
0 0.6665 0.713 0.009 0.0113333
0 0.657 0.149333 0.0113333 0.0126667
0 0.628667 0.8675 0.00866667 0.00966667
0 0.12 0.653833 0.0113333 0.0103333
0 0.146667 0.8095 0.014 0.0136667
0 0.4245 0.0278333 0.009 0.00966667
0 0.514 0.878333 0.0113333 0.01
0 0.451333 0.0878333 0.0106667 0.00766667
0 0.611167 0.286167 0.0136667 0.011
0 0.749833 0.244167 0.00833333 0.00833333
0 0.604333 0.888 0.00933333 0.0106667
0 0.664833 0.616333 0.00966667 0.0153333
0 0.066 0.673 0.014 0.0133333
0 0.301333 0.408 0.0106667 0.012
0 0.569833 0.148833 0.013 0.00966667
0 0.845833 0.0266667 0.017 0.0126667
0 0.5895 0.893167 0.0123333 0.0103333
0 0.488667 0.417667 0.0153333 0.0173333
0 0.780167 0.0921667 0.023 0.0223333
0 0.408 0.113833 0.014 0.0123333
0 0.380167 0.515167 0.0156667 0.011
0 0.1275 0.0445 0.015 0.0123333
0 0.4735 0.744 0.013 0.0106667
0 0.580667 0.256667 0.0206667 0.0146667
0 0.322 0.473667 0.0106667 0.012
0 0.185333 0.170167 0.0146667 0.0183333
0 0.323833 0.0915 0.0123333 0.0136667
0 0.509333 0.452667 0.0173333 0.0166667
0 0.623833 0.845333 0.011 0.012
0 0.406333 0.719333 0.0106667 0.014
0 0.5735 0.813667 0.0123333 0.014
0 0.518667 0.679 0.0146667 0.0173333
0 0.147667 0.202667 0.0186667 0.0173333
0 0.417833 0.504 0.0156667 0.0146667
0 0.616833 0.179167 0.0123333 0.013
0 0.5735 0.621333 0.0156667 0.014
0 0.595833 0.147333 0.013 0.0106667
0 0.528 0.408167 0.022 0.019
0 0.195167 0.236833 0.019 0.0136667
