0 0.412167 0.505333 0.00833333 0.008
0 0.4445 0.418 0.00566667 0.006
0 0.459167 0.386167 0.00633333 0.00633333
0 0.451667 0.748 0.00933333 0.012
0 0.411 0.699 0.00933333 0.00933333
0 0.237333 0.8245 0.00933333 0.0123333
0 0.6075 0.8825 0.00766667 0.00766667
0 0.5265 0.321 0.005 0.00533333
0 0.528333 0.418167 0.004 0.00433333
0 0.497667 0.391167 0.004 0.00433333
0 0.5465 0.425833 0.00566667 0.00566667
0 0.096 0.0631667 0.0133333 0.013
0 0.326 0.131667 0.0126667 0.0193333
0 0.2705 0.480333 0.0143333 0.014
0 0.724333 0.874833 0.012 0.0123333
0 0.410667 0.488833 0.00733333 0.00833333
0 0.406667 0.292 0.00666667 0.008
0 0.729167 0.772 0.021 0.0153333
0 0.022 0.7975 0.0166667 0.017
0 0.246667 0.9055 0.0166667 0.0156667
0 0.297167 0.567333 0.0103333 0.0106667
0 0.6805 0.870667 0.0103333 0.016
0 0.325167 0.123667 0.015 0.012
0 0.6455 0.791667 0.0103333 0.012
0 0.467167 0.850833 0.009 0.0156667
0 0.559833 0.420167 0.00833333 0.011
0 0.210833 0.106 0.0136667 0.016
0 0.6645 0.689 0.0116667 0.0133333
0 0.355333 0.119167 0.0113333 0.015
0 0.459833 0.7755 0.00966667 0.0116667
0 0.312833 0.456833 0.0123333 0.0116667
0 0.192833 0.221833 0.0116667 0.0116667
0 0.3685 0.297333 0.0196667 0.0146667
0 0.072 0.289 0.016 0.0186667
0 0.269833 0.202167 0.0143333 0.0116667
0 0.0336667 0.729 0.0146667 0.018
0 0.5415 0.558667 0.0116667 0.00866667
0 0.0965 0.705833 0.0136667 0.0156667
0 0.0658333 0.631833 0.013 0.013
0 0.530833 0.374833 0.00833333 0.011
0 0.339667 0.1585 0.0133333 0.0176667
0 0.184333 0.444833 0.0146667 0.0156667
0 0.4695 0.5345 0.0136667 0.0183333
0 0.505167 0.586167 0.017 0.0236667
0 0.446333 0.564667 0.014 0.0153333
0 0.623333 0.723667 0.01 0.0126667
0 0.3005 0.477833 0.0136667 0.0103333
0 0.310167 0.5695 0.0123333 0.009
0 0.473833 0.556 0.0136667 0.0153333
0 0.6805 0.751667 0.0136667 0.0126667
0 0.302167 0.170833 0.015 0.0116667
0 0.0138333 0.354333 0.017 0.0206667
0 0.0995 0.343167 0.015 0.019
0 0.309167 0.442167 0.0123333 0.011
0 0.150833 0.474667 0.0183333 0.0206667
0 0.533833 0.606667 0.0123333 0.0133333
0 0.608167 0.690833 0.0116667 0.013
0 0.0231667 0.639 0.0183333 0.022
0 0.144167 0.670667 0.0136667 0.016
0 0.2205 0.537833 0.0163333 0.0183333
0 0.160333 0.4505 0.0206667 0.0143333
0 0.253333 0.440167 0.0186667 0.0136667
0 0.333167 0.5315 0.0116667 0.013
0 0.4715 0.736167 0.0123333 0.0143333
0 0.514667 0.669333 0.0133333 0.0133333
0 0.354167 0.587333 0.0156667 0.0113333
