0 0.213 0.745 0.0146667 0.0146667
0 0.802 0.775833 0.0153333 0.017
0 0.504833 0.626333 0.0323333 0.04
0 0.345167 0.898667 0.015 0.0153333
0 0.294833 0.467333 0.021 0.02
0 0.0578333 0.0676667 0.0203333 0.022
0 0.2345 0.777833 0.021 0.0203333
0 0.574 0.544 0.0253333 0.0233333
0 0.750667 0.8695 0.016 0.0163333
0 0.503167 0.638667 0.039 0.0273333
0 0.274833 0.0623333 0.0223333 0.024
0 0.776667 0.7445 0.0213333 0.0176667
0 0.836333 0.744833 0.0193333 0.019
0 0.708667 0.752 0.014 0.014
0 0.3185 0.2935 0.0216667 0.021
0 0.236167 0.395667 0.0163333 0.0166667
0 0.252167 0.821833 0.0203333 0.0243333
0 0.483833 0.335667 0.025 0.024
0 0.871833 0.655833 0.023 0.021
0 0.1155 0.2445 0.0216667 0.027
0 0.324833 0.788667 0.013 0.0166667
0 0.426833 0.510167 0.0303333 0.027
0 0.301333 0.473833 0.0173333 0.015
0 0.436333 0.636 0.0253333 0.024
0 0.7355 0.9835 0.0136667 0.017
0 0.726167 0.932333 0.0123333 0.0193333
0 0.504167 0.612167 0.0236667 0.0236667
0 0.597333 0.771 0.0166667 0.014
0 0.1925 0.189 0.0236667 0.0353333
0 0.430333 0.958667 0.016 0.0173333
0 0.1705 0.0535 0.0236667 0.0236667
0 0.7405 0.690833 0.019 0.017
0 0.419 0.587667 0.03 0.02
0 0.4805 0.783667 0.0196667 0.0153333
0 0.830667 0.318667 0.0293333 0.0286667
0 0.292333 0.5655 0.018 0.019
0 0.152167 0.444167 0.023 0.021
0 0.349833 0.394333 0.0163333 0.0173333
0 0.494833 0.948667 0.013 0.02
0 0.134167 0.482167 0.0203333 0.025
0 0.711833 0.626667 0.0196667 0.018
0 0.747333 0.9185 0.0146667 0.017
0 0.5935 0.420333 0.0296667 0.0306667
0 0.803833 0.690667 0.0256667 0.02
0 0.2875 0.457667 0.0183333 0.014
0 0.291167 0.649 0.021 0.0173333
0 0.409333 0.238 0.0286667 0.032
0 0.418167 0.736167 0.031 0.025
0 0.699667 0.833333 0.018 0.014
