0 0.0116667 0.6505 0.0233333 0.025
0 0.513667 0.821167 0.0193333 0.0276667
0 0.0391667 0.598667 0.0256667 0.0253333
0 0.348333 0.776667 0.014 0.0153333
0 0.308333 0.476 0.016 0.0146667
0 0.109 0.992 0.0186667 0.016
0 0.348333 0.523167 0.0146667 0.0156667
0 0.5075 0.950667 0.0163333 0.0226667
0 0.674333 0.224833 0.0146667 0.011
0 0.6205 0.372 0.013 0.0153333
0 0.6375 0.343 0.0103333 0.0106667
0 0.712333 0.500667 0.0193333 0.02
0 0.0586667 0.9465 0.0213333 0.0196667
0 0.429167 0.0578333 0.0163333 0.0183333
0 0.180167 0.376 0.0156667 0.0193333
0 0.593833 0.316667 0.0176667 0.0146667
0 0.5205 0.0556667 0.019 0.0193333
0 0.573833 0.609833 0.0156667 0.0176667
0 0.665333 0.451333 0.02 0.0146667
0 0.499333 0.402 0.022 0.0213333
0 0.434 0.0808333 0.0213333 0.0183333
0 0.513833 0.829167 0.0163333 0.0183333
0 0.331667 0.1225 0.018 0.0176667
0 0.688333 0.541667 0.02 0.0246667
0 0.471167 0.504167 0.0203333 0.017
0 0.576833 0.590667 0.017 0.0186667
0 0.375333 0.4085 0.0193333 0.0223333
0 0.509833 0.803333 0.0176667 0.018
