0 0.9845 0.0513333 0.031 0.0366667
0 0.263333 0.0065 0.018 0.013
0 0.5455 0.469167 0.0343333 0.0343333
0 0.5635 0.2465 0.019 0.0176667
0 0.4755 0.697167 0.023 0.019
0 0.289167 0.0518333 0.0263333 0.0263333
0 0.5275 0.437 0.0236667 0.022
0 0.0746667 0.4625 0.0226667 0.0203333
0 0.4975 0.235 0.0243333 0.03
0 0.644667 0.613333 0.0186667 0.0193333
0 0.166833 0.732 0.0283333 0.0253333
0 0.584 0.311333 0.018 0.0246667
0 0.370333 0.740833 0.0266667 0.0263333
0 0.627167 0.525167 0.021 0.0203333
0 0.645167 0.568 0.019 0.0213333
0 0.340333 0.476667 0.0273333 0.0273333
0 0.342167 0.0741667 0.0283333 0.0256667
0 0.155167 0.778667 0.025 0.03
0 0.2675 0.425667 0.0323333 0.0366667
0 0.105833 0.4195 0.0243333 0.0203333
0 0.512667 0.476333 0.0253333 0.0233333
0 0.2745 0.124667 0.0316667 0.028
0 0.377833 0.3195 0.029 0.021
0 0.5985 0.469333 0.023 0.0226667
0 0.101 0.3705 0.028 0.0236667
0 0.435167 0.033 0.035 0.0253333
0 0.203 0.652333 0.0246667 0.0193333
0 0.4055 0.704667 0.0323333 0.0286667
0 0.599667 0.552667 0.0253333 0.0233333
0 0.458167 0.309 0.0243333 0.0226667
0 0.330167 0.210167 0.0256667 0.027
0 0.4445 0.265667 0.025 0.0253333
