0 0.671167 0.25 0.017 0.0173333
0 0.958667 0.620167 0.00666667 0.007
0 0.614 0.9525 0.00933333 0.011
0 0.841833 0.609667 0.00566667 0.006
0 0.676 0.9145 0.014 0.0196667
0 0.652 0.7865 0.00666667 0.009
0 0.960667 0.535667 0.0106667 0.00933333
0 0.395 0.443333 0.00466667 0.00466667
0 0.694333 0.4655 0.00866667 0.00766667
0 0.406167 0.381833 0.00433333 0.005
0 0.3945 0.683667 0.009 0.0133333
0 0.422 0.445833 0.0126667 0.0103333
0 0.672167 0.908167 0.021 0.025
0 0.435333 0.841667 0.0146667 0.0133333
0 0.442833 0.570167 0.00833333 0.0123333
0 0.5685 0.861333 0.011 0.014
0 0.865 0.4655 0.0126667 0.0116667
0 0.429333 0.3195 0.01 0.009
0 0.546167 0.369167 0.00833333 0.011
0 0.491167 0.775167 0.0123333 0.0183333
0 0.707833 0.755 0.0116667 0.0213333
0 0.372667 0.372 0.00933333 0.01
0 0.7755 0.876667 0.013 0.02
0 0.672333 0.839833 0.014 0.013
0 0.3605 0.514167 0.0116667 0.009
0 0.489667 0.458833 0.0126667 0.0116667
0 0.642833 0.639 0.0143333 0.0133333
0 0.621333 0.805167 0.0133333 0.0203333
