0 0.858 0.727167 0.0366667 0.0363333
0 0.260833 0.906333 0.0116667 0.0126667
0 0.0661667 0.7255 0.011 0.011
0 0.548667 0.656833 0.016 0.015
0 0.2755 0.7905 0.0123333 0.0136667
0 0.0925 0.450167 0.0203333 0.0223333
0 0.467667 0.549667 0.0146667 0.0146667
0 0.4895 0.649333 0.0116667 0.01
0 0.9565 0.0328333 0.009 0.011
0 0.506833 0.00366667 0.00966667 0.00733333
0 0.587 0.005 0.0113333 0.01
0 0.4815 0.501667 0.0136667 0.0146667
0 0.5335 0.2075 0.0136667 0.0176667
0 0.423333 0.377833 0.018 0.015
0 0.544333 0.58 0.012 0.0166667
0 0.812 0.117833 0.0126667 0.0143333
0 0.0816667 0.3 0.0126667 0.0186667
0 0.159333 0.744 0.0153333 0.0186667
0 0.291167 0.133667 0.023 0.014
0 0.375333 0.627833 0.0126667 0.013
0 0.218833 0.822833 0.021 0.017
0 0.306833 0.448667 0.0183333 0.018
0 0.282167 0.579667 0.015 0.0173333
0 0.243333 0.498833 0.0173333 0.0163333
