0 0.0461667 0.987 0.0216667 0.022
0 0.618167 0.306333 0.013 0.0173333
0 0.674833 0.592 0.009 0.00866667
0 0.452167 0.344333 0.00833333 0.00866667
0 0.380333 0.08 0.0126667 0.014
0 0.471 0.113667 0.0126667 0.0153333
0 0.432167 0.2165 0.007 0.00833333
0 0.399667 0.4995 0.0133333 0.0176667
0 0.607 0.986333 0.012 0.014
0 0.112333 0.325833 0.02 0.0176667
0 0.617333 0.213667 0.0153333 0.0133333
0 0.758833 0.362667 0.0136667 0.0173333
0 0.207333 0.034 0.016 0.0146667
0 0.295 0.554333 0.0153333 0.0206667
0 0.5835 0.991333 0.013 0.0166667
0 0.149667 0.326833 0.0233333 0.017
0 0.285333 0.266667 0.012 0.0126667
0 0.625667 0.8795 0.0133333 0.015
0 0.605667 0.951167 0.0166667 0.0156667
0 0.529333 0.580167 0.0173333 0.023
0 0.353333 0.486 0.014 0.0186667
0 0.564 0.903667 0.02 0.0226667
0 0.659 0.384167 0.012 0.0143333
0 0.696833 0.769 0.0176667 0.018
0 0.225167 0.352 0.0176667 0.016
0 0.615667 0.9235 0.0146667 0.0136667
0 0.557333 0.471167 0.0126667 0.015
0 0.588833 0.926 0.0123333 0.0186667
0 0.477333 0.589 0.0213333 0.0186667
0 0.546167 0.606333 0.0143333 0.0186667
0 0.426833 0.622667 0.019 0.0206667
0 0.657667 0.897833 0.0133333 0.017
0 0.645167 0.584167 0.0176667 0.015
0 0.175167 0.282833 0.017 0.0183333
0 0.2195 0.313333 0.0156667 0.016
0 0.357833 0.187 0.0183333 0.0193333
0 0.3085 0.2995 0.0196667 0.0123333
0 0.522 0.9125 0.016 0.0203333
0 0.511833 0.7835 0.0163333 0.013
0 0.5455 0.685 0.0163333 0.0213333
