0 0.268167 0.223833 0.007 0.00633333
0 0.154167 0.544667 0.0176667 0.0133333
0 0.118333 0.465667 0.01 0.01
0 0.149 0.253667 0.014 0.0113333
0 0.697333 0.741167 0.0133333 0.00966667
0 0.614167 0.7325 0.009 0.013
0 0.685833 0.734167 0.0123333 0.0156667
0 0.8325 0.447333 0.013 0.00933333
0 0.7785 0.696333 0.0136667 0.0126667
0 0.150667 0.258167 0.0133333 0.021
0 0.401833 0.3 0.013 0.0153333
0 0.500667 0.267167 0.012 0.0156667
0 0.0848333 0.2255 0.0123333 0.015
0 0.256167 0.424167 0.0116667 0.015
0 0.7935 0.4745 0.0123333 0.0103333
0 0.832 0.509167 0.0126667 0.0123333
0 0.7285 0.692167 0.0123333 0.013
0 0.625 0.421667 0.01 0.0113333
0 0.325667 0.429833 0.014 0.013
0 0.788833 0.445333 0.0123333 0.014
0 0.0805 0.299333 0.0143333 0.0113333
0 0.509 0.6265 0.016 0.019
0 0.645667 0.5275 0.012 0.013
0 0.732 0.571667 0.0133333 0.0113333
0 0.485333 0.512167 0.0126667 0.0136667
0 0.474333 0.323 0.0133333 0.01
0 0.5875 0.210833 0.015 0.017
0 0.634333 0.361667 0.01 0.012
0 0.372833 0.784167 0.0136667 0.0163333
0 0.199333 0.232 0.0146667 0.0126667
0 0.488 0.773333 0.012 0.0186667
0 0.607667 0.402333 0.0173333 0.01
0 0.417 0.215333 0.0173333 0.014
0 0.177 0.154167 0.0146667 0.0143333
0 0.860667 0.4585 0.0166667 0.0156667
0 0.471333 0.467 0.0166667 0.0146667
0 0.600667 0.509333 0.0146667 0.016
0 0.148667 0.541167 0.0186667 0.0156667
0 0.843667 0.562167 0.0153333 0.017
0 0.565667 0.326 0.014 0.0126667
0 0.169333 0.590333 0.0166667 0.014
0 0.569167 0.702833 0.013 0.0116667
0 0.655667 0.347333 0.012 0.0126667
0 0.490167 0.249167 0.013 0.013
0 0.212 0.2705 0.012 0.0143333
0 0.789 0.609 0.0106667 0.012
0 0.494333 0.220333 0.0113333 0.0133333
0 0.369667 0.5875 0.0173333 0.0196667
0 0.205 0.517667 0.0153333 0.0126667
0 0.271833 0.632333 0.013 0.0193333
0 0.283667 0.508667 0.012 0.0173333
0 0.22 0.217833 0.012 0.0156667
