0 0.0108333 0.632167 0.0103333 0.009
0 0.0798333 0.7195 0.00966667 0.0103333
0 0.538333 0.0838333 0.00533333 0.00566667
0 0.7025 0.962333 0.007 0.00733333
0 0.0813333 0.0778333 0.00866667 0.009
0 0.951167 0.0421667 0.005 0.005
0 0.0121667 0.886333 0.00766667 0.00733333
0 0.6765 0.938667 0.00766667 0.00733333
0 0.82 0.00966667 0.006 0.008
0 0.00266667 0.179833 0.00533333 0.00766667
0 0.284333 0.124333 0.01 0.01
0 0.432333 0.403 0.0113333 0.0106667
0 0.403 0.0025 0.00666667 0.005
0 0.971667 0.0565 0.00533333 0.00566667
0 0.495 0.809167 0.01 0.0103333
0 0.370667 0.0696667 0.00666667 0.00733333
0 0.128333 0.570167 0.008 0.00833333
0 0.819 0.485 0.006 0.00733333
0 0.049 0.771 0.00733333 0.008
0 0.0946667 0.347167 0.0113333 0.009
0 0.900333 0.4715 0.00533333 0.00566667
0 0.4605 0.693167 0.00833333 0.009
0 0.550333 0.8485 0.00666667 0.00766667
0 0.313167 0.561 0.0103333 0.014
0 0.851833 0.412667 0.00566667 0.006
0 0.670667 0.645 0.00733333 0.01
0 0.468667 0.4595 0.00866667 0.0103333
0 0.3735 0.855833 0.00766667 0.007
0 0.324 0.9635 0.00666667 0.007
0 0.543833 0.492167 0.007 0.00566667
0 0.514167 0.8155 0.007 0.00833333
0 0.994 0.0603333 0.008 0.008
0 0.0783333 0.812667 0.00666667 0.008
0 0.0661667 0.799 0.00633333 0.00866667
0 0.732667 0.877667 0.00733333 0.00733333
0 0.00566667 0.824167 0.008 0.009
0 0.6745 0.929667 0.00766667 0.00733333
0 0.602 0.696667 0.008 0.01
0 0.7745 0.0181667 0.007 0.00766667
0 0.0796667 0.741833 0.00666667 0.009
0 0.944 0.257333 0.006 0.00733333
0 0.2505 0.400833 0.00966667 0.00833333
0 0.307667 0.149 0.00933333 0.01
0 0.289667 0.1435 0.01 0.0103333
0 0.607167 0.151167 0.00833333 0.00766667
0 0.446 0.391333 0.008 0.0113333
0 0.7615 0.943 0.00566667 0.00666667
0 0.302833 0.984667 0.007 0.008
0 0.5555 0.548 0.009 0.01
0 0.246333 0.703167 0.008 0.007
0 0.5765 0.588667 0.007 0.008
0 0.178667 0.584333 0.00666667 0.0106667
0 0.356667 0.864667 0.008 0.00733333
0 0.859833 0.196667 0.00633333 0.00933333
0 0.632333 0.607833 0.00733333 0.00766667
0 0.523833 0.4355 0.00833333 0.0103333
0 0.4725 0.869 0.007 0.00733333
0 0.0361667 0.8395 0.009 0.00833333
0 0.419833 0.461167 0.00966667 0.009
0 0.128333 0.278 0.00866667 0.01
0 0.6545 0.570167 0.009 0.0103333
0 0.176667 0.563167 0.00866667 0.00966667
0 0.907833 0.217 0.007 0.008
0 0.248 0.171833 0.00866667 0.011
0 0.600833 0.651333 0.007 0.008
0 0.331 0.915 0.00933333 0.00933333
0 0.0603333 0.812667 0.01 0.01
0 0.477333 0.932667 0.008 0.00666667
0 0.4695 0.906333 0.0103333 0.00933333
0 0.220333 0.312 0.012 0.00866667
0 0.191 0.304333 0.0113333 0.00933333
0 0.279 0.991 0.00733333 0.00933333
0 0.430833 0.986833 0.007 0.00766667
0 0.517833 0.800833 0.00766667 0.009
0 0.464333 0.552833 0.008 0.009
0 0.231333 0.222167 0.00933333 0.00966667
0 0.0646667 0.718 0.00933333 0.0113333
0 0.5415 0.2985 0.009 0.0156667
0 0.343 0.712833 0.008 0.00966667
0 0.933667 0.2665 0.008 0.007
0 0.307 0.246333 0.00933333 0.00933333
0 0.4445 0.473333 0.0116667 0.0113333
0 0.811333 0.53 0.00866667 0.008
0 0.3045 0.803333 0.0103333 0.0113333
0 0.528167 0.800333 0.007 0.008
0 0.979167 0.8435 0.0103333 0.011
0 0.423167 0.717 0.00833333 0.00933333
0 0.227 0.4605 0.01 0.0136667
0 0.461833 0.729667 0.00833333 0.0113333
0 0.304167 0.767667 0.00766667 0.00866667
0 0.304333 0.719333 0.00933333 0.01
0 0.271 0.721 0.01 0.01
0 0.275 0.579667 0.00866667 0.0113333
