0 0.920667 0.864167 0.00533333 0.00566667
0 0.96 0.096 0.00733333 0.00666667
0 0.794833 0.296667 0.009 0.00933333
0 0.497167 0.307 0.00833333 0.00933333
0 0.941333 0.358167 0.00533333 0.00566667
0 0.0386667 0.6535 0.006 0.007
0 0.708833 0.303167 0.00633333 0.007
0 0.818667 0.173667 0.00666667 0.00666667
0 0.874 0.479833 0.00666667 0.00633333
0 0.841167 0.318833 0.00766667 0.00766667
0 0.191 0.643333 0.00866667 0.00733333
0 0.978333 0.533833 0.012 0.0103333
0 0.905833 0.391 0.00633333 0.00666667
0 0.642167 0.39 0.007 0.0106667
0 0.876 0.470667 0.006 0.00933333
0 0.668667 0.987667 0.00733333 0.008
0 0.646167 0.874333 0.00766667 0.00933333
0 0.233 0.163667 0.00666667 0.00666667
0 0.0831667 0.801833 0.00833333 0.00833333
0 0.555 0.313167 0.00666667 0.007
0 0.61 0.307833 0.00666667 0.009
0 0.231167 0.583333 0.007 0.00866667
0 0.620167 0.336333 0.007 0.00866667
0 0.880333 0.912 0.00733333 0.00866667
0 0.511833 0.813833 0.00833333 0.011
0 0.530833 0.77 0.007 0.00866667
0 0.0681667 0.662667 0.00633333 0.00666667
0 0.4865 0.584333 0.007 0.00733333
0 0.626167 0.914667 0.00566667 0.00666667
0 0.5555 0.251167 0.007 0.00766667
0 0.118833 0.516 0.00833333 0.00666667
0 0.462667 0.274667 0.0106667 0.01
0 0.57 0.286 0.00666667 0.008
0 0.486667 0.449667 0.00666667 0.00933333
0 0.0681667 0.772 0.00566667 0.006
0 0.0173333 0.826833 0.006 0.00766667
0 0.0238333 0.6885 0.00633333 0.007
0 0.142167 0.084 0.007 0.00733333
0 0.561667 0.515167 0.00733333 0.009
0 0.0635 0.685667 0.00566667 0.00666667
0 0.179333 0.968333 0.006 0.00666667
0 0.242167 0.926667 0.00833333 0.008
0 0.497833 0.859833 0.007 0.00766667
0 0.0996667 0.547667 0.006 0.00666667
0 0.943667 0.0948333 0.008 0.00766667
0 0.591 0.466 0.00666667 0.00866667
0 0.373333 0.400167 0.008 0.00766667
0 0.677333 0.2145 0.00733333 0.007
0 0.488833 0.244833 0.009 0.00833333
0 0.696167 0.454833 0.007 0.00833333
0 0.374667 0.636167 0.00733333 0.00833333
0 0.6255 0.658167 0.00566667 0.00566667
0 0.0595 0.7865 0.00966667 0.011
0 0.696167 0.587833 0.00633333 0.007
0 0.44 0.799 0.00866667 0.008
