0 0.492667 0.531667 0.00533333 0.00533333
0 0.322667 0.254833 0.00533333 0.00633333
0 0.561667 0.606 0.00666667 0.00666667
0 0.262667 0.626667 0.00733333 0.008
0 0.419667 0.608167 0.00666667 0.00633333
0 0.852 0.124333 0.0113333 0.0133333
0 0.936 0.323167 0.00866667 0.00766667
0 0.442333 0.261333 0.0106667 0.0153333
0 0.162333 0.9735 0.0133333 0.0183333
0 0.521667 0.780667 0.00933333 0.008
0 0.724667 0.466833 0.00733333 0.009
0 0.484333 0.9945 0.01 0.011
0 0.7035 0.426 0.011 0.00866667
0 0.441333 0.266833 0.01 0.0163333
0 0.462667 0.2615 0.0106667 0.0116667
0 0.113 0.970167 0.01 0.0103333
0 0.466833 0.967667 0.0103333 0.01
0 0.5865 0.104833 0.00966667 0.009
0 0.3765 0.621667 0.0136667 0.0106667
0 0.312 0.131833 0.00866667 0.00833333
0 0.497667 0.637 0.00866667 0.00933333
0 0.114167 0.988 0.00766667 0.00866667
0 0.3975 0.425667 0.0116667 0.00933333
0 0.467 0.892 0.01 0.012
0 0.4085 0.702667 0.0116667 0.0113333
0 0.186167 0.0663333 0.00966667 0.00933333
0 0.273833 0.3495 0.0116667 0.0103333
0 0.434 0.405667 0.0113333 0.00933333
0 0.252667 0.972167 0.0106667 0.013
0 0.3125 0.389167 0.013 0.0156667
0 0.612833 0.102667 0.011 0.0113333
0 0.371833 0.978667 0.013 0.014
0 0.244167 0.0716667 0.0123333 0.012
0 0.189333 0.783833 0.0126667 0.0103333
0 0.328 0.922 0.0113333 0.0146667
0 0.4875 0.326167 0.011 0.0123333
