0 0.615833 0.3265 0.00366667 0.00433333
0 0.3225 0.810167 0.009 0.009
0 0.5615 0.2465 0.00433333 0.005
0 0.7225 0.326667 0.00433333 0.00466667
0 0.390167 0.440833 0.007 0.007
0 0.520333 0.380833 0.004 0.00433333
0 0.6655 0.5385 0.00366667 0.00366667
0 0.576333 0.329333 0.00466667 0.00466667
0 0.684 0.317333 0.00466667 0.00533333
0 0.689 0.300833 0.004 0.005
0 0.401667 0.324167 0.00466667 0.005
0 0.607 0.433667 0.004 0.004
0 0.357833 0.471667 0.00366667 0.004
0 0.487333 0.579333 0.00466667 0.00466667
0 0.614 0.250167 0.004 0.00433333
0 0.461167 0.385333 0.00433333 0.004
0 0.685 0.564333 0.00466667 0.00466667
0 0.403833 0.532833 0.00633333 0.00633333
0 0.439333 0.290167 0.004 0.00433333
0 0.592833 0.590667 0.005 0.00533333
0 0.243833 0.483833 0.005 0.00566667
0 0.4955 0.316833 0.00433333 0.00433333
0 0.3355 0.5475 0.00433333 0.00566667
0 0.4095 0.417667 0.00433333 0.00466667
0 0.595667 0.319167 0.00533333 0.00566667
0 0.468167 0.323333 0.00433333 0.00466667
0 0.659 0.3385 0.004 0.00433333
0 0.6425 0.410833 0.00433333 0.00433333
0 0.528 0.440333 0.004 0.00466667
0 0.3245 0.496167 0.00366667 0.00433333
0 0.498833 0.53 0.00633333 0.006
0 0.554333 0.4605 0.004 0.00433333
0 0.372333 0.553333 0.00533333 0.00533333
0 0.507167 0.57 0.005 0.00466667
0 0.401833 0.6395 0.00566667 0.00633333
0 0.725 0.246667 0.006 0.00666667
0 0.498833 0.369833 0.00433333 0.00433333
0 0.554333 0.505167 0.00466667 0.005
0 0.606167 0.341667 0.00433333 0.004
0 0.2795 0.418667 0.005 0.006
0 0.595833 0.287667 0.00433333 0.00466667
0 0.663667 0.420167 0.00466667 0.005
0 0.535 0.248 0.00533333 0.00533333
0 0.663 0.374833 0.00466667 0.005
0 0.303333 0.468667 0.00333333 0.00333333
0 0.445 0.3345 0.00466667 0.005
0 0.320667 0.541 0.00533333 0.006
0 0.619 0.481333 0.006 0.006
0 0.286833 0.528667 0.00433333 0.00466667
0 0.3365 0.3665 0.005 0.005
0 0.532667 0.280333 0.00466667 0.00466667
0 0.499333 0.445667 0.00466667 0.00466667
0 0.579167 0.232833 0.00833333 0.009
0 0.556667 0.470167 0.00466667 0.00433333
0 0.697 0.375833 0.00466667 0.005
0 0.566833 0.277167 0.005 0.005
0 0.5855 0.429833 0.00433333 0.005
0 0.4165 0.2145 0.0136667 0.0116667
0 0.566 0.407333 0.004 0.004
0 0.478167 0.556667 0.005 0.00533333
0 0.615833 0.453 0.00433333 0.00466667
0 0.329667 0.552667 0.006 0.00533333
0 0.286833 0.4425 0.00433333 0.00433333
0 0.3 0.548167 0.004 0.00433333
0 0.334333 0.618833 0.00466667 0.005
0 0.618167 0.417667 0.00433333 0.00466667
0 0.525167 0.4145 0.00433333 0.005
0 0.3385 0.536833 0.00566667 0.00566667
0 0.543333 0.610833 0.006 0.007
0 0.435167 0.9695 0.0123333 0.013
0 0.5685 0.368167 0.005 0.005
0 0.343167 0.514167 0.005 0.005
0 0.479833 0.989333 0.0156667 0.014
0 0.369333 0.399167 0.00466667 0.005
0 0.371833 0.3625 0.00433333 0.00433333
0 0.180833 0.4195 0.0216667 0.0143333
0 0.488167 0.790333 0.00966667 0.012
0 0.584 0.364 0.00466667 0.00533333
0 0.263333 0.370167 0.00666667 0.00633333
0 0.363333 0.484333 0.00666667 0.00666667
0 0.514167 0.759 0.011 0.016
0 0.553 0.544167 0.0106667 0.0116667
0 0.712833 0.291167 0.0123333 0.0143333
0 0.3745 0.531167 0.0136667 0.017
0 0.433 0.5985 0.014 0.0196667
0 0.470667 0.402333 0.01 0.0106667
0 0.723167 0.355 0.0136667 0.0113333
0 0.320333 0.751833 0.016 0.0203333
0 0.732 0.423667 0.0126667 0.014
0 0.658833 0.672 0.0163333 0.014
