0 0.5535 0.0788333 0.009 0.009
0 0.544 0.526333 0.00866667 0.0113333
0 0.553167 0.7965 0.0103333 0.0116667
0 0.833167 0.963 0.011 0.01
0 0.131333 0.751 0.00866667 0.00933333
0 0.274167 0.793833 0.011 0.011
0 0.680667 0.234167 0.00666667 0.007
0 0.578833 0.851833 0.0116667 0.00966667
0 0.839833 0.310667 0.00833333 0.01
0 0.7545 0.102833 0.00966667 0.0103333
0 0.098 0.0186667 0.012 0.016
0 0.786 0.016 0.012 0.012
0 0.742 0.463667 0.0113333 0.0106667
0 0.564 0.6505 0.0113333 0.0123333
0 0.0761667 0.663333 0.00966667 0.0146667
0 0.0591667 0.553833 0.009 0.0103333
0 0.942333 0.679667 0.00866667 0.00933333
0 0.519167 0.482833 0.011 0.011
0 0.754167 0.995333 0.007 0.00933333
0 0.0393333 0.858833 0.0146667 0.0123333
0 0.186333 0.674667 0.0106667 0.0133333
0 0.519667 0.501667 0.0133333 0.0146667
0 0.637333 0.392333 0.00733333 0.01
0 0.559667 0.852333 0.012 0.012
0 0.52 0.6765 0.0173333 0.0156667
0 0.457333 0.366833 0.0113333 0.0116667
0 0.637 0.3715 0.0106667 0.0116667
0 0.746167 0.136667 0.011 0.00933333
0 0.648833 0.0703333 0.0136667 0.016
0 0.780167 0.447 0.011 0.0126667
0 0.2795 0.650667 0.00833333 0.01
0 0.0898333 0.350167 0.00833333 0.00966667
0 0.147167 0.102833 0.0183333 0.0183333
0 0.0146667 0.973 0.01 0.012
0 0.312833 0.736667 0.011 0.01
0 0.957333 0.882333 0.0106667 0.012
0 0.682833 0.249833 0.011 0.0136667
0 0.734833 0.927333 0.00833333 0.0113333
0 0.819 0.311667 0.00933333 0.0126667
0 0.424667 0.647333 0.0106667 0.012
0 0.0175 0.791 0.013 0.016
0 0.515667 0.543833 0.0113333 0.013
0 0.139667 0.533667 0.00933333 0.0133333
0 0.163333 0.867667 0.0106667 0.0146667
0 0.0606667 0.965333 0.00866667 0.0126667
0 0.0773333 0.9705 0.0153333 0.0143333
0 0.0373333 0.890833 0.012 0.0143333
0 0.759667 0.977833 0.01 0.0116667
0 0.065 0.992167 0.01 0.0136667
0 0.764833 0.524 0.011 0.01
