0 0.0328333 0.1965 0.00833333 0.0103333
0 0.7705 0.774 0.00366667 0.004
0 0.8025 0.826667 0.00366667 0.00466667
0 0.577833 0.654333 0.00766667 0.00866667
0 0.876 0.417833 0.00533333 0.00633333
0 0.814333 0.912833 0.006 0.007
0 0.0123333 0.662667 0.00866667 0.0106667
0 0.860167 0.419833 0.00633333 0.00633333
0 0.535 0.996333 0.00733333 0.00733333
0 0.0881667 0.761 0.0123333 0.014
0 0.148833 0.373667 0.0123333 0.0113333
0 0.22 0.00333333 0.00866667 0.00666667
0 0.839667 0.947667 0.00666667 0.00733333
0 0.0875 0.7125 0.0123333 0.013
0 0.548 0.0886667 0.006 0.00666667
0 0.208667 0.511667 0.01 0.0106667
0 0.860167 0.218833 0.00833333 0.0103333
0 0.584833 0.490167 0.0103333 0.011
0 0.522833 0.174 0.00633333 0.00666667
0 0.282333 0.601333 0.0113333 0.0126667
0 0.125333 0.794 0.012 0.0146667
0 0.242 0.3015 0.0106667 0.00966667
0 0.882167 0.308667 0.00633333 0.00733333
0 0.0613333 0.512667 0.016 0.0166667
0 0.4625 0.300667 0.00766667 0.00933333
0 0.482 0.56 0.006 0.00666667
0 0.945167 0.0736667 0.00833333 0.00866667
0 0.6745 0.372833 0.00766667 0.00833333
0 0.410667 0.1895 0.0126667 0.015
0 0.518833 0.12 0.00633333 0.00666667
0 0.0503333 0.815 0.00666667 0.00866667
0 0.243833 0.399833 0.0123333 0.0136667
0 0.809833 0.275833 0.0103333 0.00966667
0 0.782167 0.236167 0.0103333 0.00966667
0 0.211 0.622 0.0153333 0.0126667
0 0.652333 0.327833 0.00866667 0.00833333
0 0.453667 0.941667 0.00933333 0.00933333
0 0.800667 0.246333 0.012 0.016
0 0.802833 0.117167 0.00833333 0.0103333
0 0.25 0.0228333 0.0113333 0.0116667
0 0.7235 0.208167 0.0123333 0.0116667
0 0.885 0.193333 0.0146667 0.012
0 0.1375 0.689833 0.0116667 0.0136667
0 0.803167 0.1695 0.0156667 0.0136667
