0 0.907 0.0368333 0.0113333 0.0103333
0 0.547833 0.372167 0.011 0.00966667
0 0.277833 0.082 0.007 0.00733333
0 0.4505 0.933167 0.0143333 0.0196667
0 0.933 0.494833 0.0186667 0.013
0 0.2205 0.211167 0.0116667 0.00966667
0 0.466833 0.414167 0.009 0.0143333
0 0.298667 0.463 0.012 0.01
0 0.897667 0.487833 0.0113333 0.011
0 0.38 0.152167 0.00733333 0.00766667
0 0.442333 0.0586667 0.00866667 0.00866667
0 0.804167 0.5845 0.00766667 0.00966667
0 0.419333 0.9435 0.0226667 0.0176667
0 0.333333 0.712 0.0106667 0.0106667
0 0.622 0.5115 0.00666667 0.00766667
0 0.9205 0.0966667 0.0136667 0.0126667
0 0.789 0.429 0.0106667 0.00933333
0 0.608333 0.0263333 0.01 0.0113333
0 0.2815 0.385167 0.011 0.011
0 0.595 0.571167 0.00933333 0.00833333
0 0.4305 0.0871667 0.0103333 0.00833333
0 0.631833 0.272167 0.009 0.011
0 0.639333 0.5075 0.00666667 0.00966667
0 0.461833 0.3175 0.0136667 0.015
0 0.270667 0.334 0.0113333 0.0113333
0 0.377667 0.5905 0.00933333 0.00966667
0 0.786667 0.3265 0.00866667 0.009
0 0.7575 0.380833 0.00833333 0.0103333
0 0.554833 0.109167 0.00966667 0.011
0 0.631167 0.941 0.013 0.016
0 0.398333 0.228833 0.0106667 0.0103333
0 0.7945 0.339167 0.00966667 0.0116667
0 0.789167 0.4785 0.009 0.00966667
