0 0.258833 0.4115 0.009 0.013
0 0.683167 0.00716667 0.017 0.0143333
0 0.247333 0.322333 0.0173333 0.0153333
0 0.0768333 0.612667 0.00833333 0.008
0 0.6435 0.398333 0.0183333 0.0206667
0 0.381667 0.916833 0.0126667 0.0203333
0 0.355333 0.952833 0.0106667 0.0123333
0 0.540167 0.700833 0.0216667 0.017
0 0.3565 0.618833 0.0123333 0.0163333
0 0.098 0.565833 0.00866667 0.00966667
0 0.317667 0.154667 0.018 0.0213333
0 0.574667 0.994667 0.012 0.0106667
0 0.785 0.496 0.022 0.0233333
0 0.555667 0.481333 0.0246667 0.022
0 0.7895 0.576833 0.0163333 0.0136667
0 0.0206667 0.236 0.0226667 0.0213333
0 0.738167 0.699833 0.0176667 0.013
0 0.607833 0.554 0.015 0.016
0 0.659833 0.229333 0.0176667 0.0206667
0 0.276167 0.414167 0.017 0.0143333
0 0.332167 0.295833 0.0203333 0.0156667
0 0.2905 0.349833 0.013 0.0156667
0 0.7255 0.460167 0.0203333 0.011
0 0.302667 0.108667 0.0266667 0.024
0 0.0268333 0.334833 0.0183333 0.0176667
0 0.655667 0.562 0.0226667 0.0166667
0 0.264667 0.793 0.0173333 0.0226667
0 0.7595 0.442667 0.0183333 0.014
0 0.5045 0.664667 0.0156667 0.0173333
0 0.756333 0.205333 0.016 0.0206667
0 0.3835 0.666 0.015 0.014
0 0.614667 0.7125 0.0166667 0.013
0 0.681667 0.184833 0.018 0.0176667
0 0.357667 0.371 0.022 0.0173333
0 0.488833 0.590667 0.0196667 0.018
0 0.322333 0.555167 0.0113333 0.0183333
0 0.3565 0.140333 0.023 0.024
0 0.295 0.217667 0.0186667 0.022
0 0.775833 0.6365 0.0156667 0.0176667
0 0.654667 0.618833 0.0173333 0.0123333
0 0.462 0.03 0.0253333 0.024
0 0.607 0.179 0.0253333 0.0233333
0 0.423 0.513667 0.0173333 0.024
0 0.484167 0.711167 0.023 0.0216667
