0 0.992667 0.905667 0.0146667 0.016
0 0.2125 0.0611667 0.017 0.0203333
0 0.482833 0.531833 0.011 0.00966667
0 0.5515 0.693167 0.00766667 0.00766667
0 0.4475 0.975333 0.0143333 0.0166667
0 0.074 0.291667 0.0166667 0.0166667
0 0.346333 0.0613333 0.0146667 0.0173333
0 0.209667 0.0546667 0.0213333 0.022
0 0.242833 0.0248333 0.0203333 0.017
0 0.5765 0.202833 0.0156667 0.021
0 0.755 0.0981667 0.018 0.0156667
0 0.301 0.0893333 0.0246667 0.0166667
0 0.621167 0.0356667 0.015 0.0193333
0 0.642833 0.411333 0.0216667 0.0153333
0 0.3395 0.3585 0.0136667 0.017
0 0.451667 0.309 0.0213333 0.0233333
0 0.323 0.5235 0.012 0.0156667
0 0.478833 0.659833 0.0143333 0.0163333
0 0.3285 0.6245 0.0183333 0.0156667
0 0.422833 0.574333 0.0143333 0.012
0 0.685333 0.791333 0.0166667 0.0173333
0 0.735333 0.491667 0.018 0.016
0 0.625333 0.490667 0.0193333 0.016
0 0.651333 0.4505 0.0226667 0.015
0 0.577833 0.3765 0.0203333 0.017
