0 0.141667 0.994333 0.00466667 0.00466667
0 0.428667 0.591667 0.00533333 0.006
0 0.39 0.114333 0.00466667 0.00466667
0 0.669333 0.722833 0.006 0.007
0 0.4415 0.0985 0.003 0.00366667
0 0.748667 0.883167 0.00533333 0.00566667
0 0.461 0.513333 0.00333333 0.004
0 0.348 0.337167 0.004 0.00433333
0 0.553333 0.833833 0.00533333 0.00633333
0 0.102 0.914 0.00533333 0.00666667
0 0.408667 0.208833 0.00333333 0.00366667
0 0.473167 0.29 0.00433333 0.004
0 0.985833 0.236167 0.005 0.00566667
0 0.952833 0.142 0.00833333 0.008
0 0.440167 0.1415 0.003 0.003
0 0.735167 0.693333 0.00433333 0.00466667
0 0.178167 0.0283333 0.007 0.008
0 0.377 0.606333 0.00533333 0.006
0 0.407333 0.959833 0.00533333 0.00566667
0 0.286833 0.281333 0.00433333 0.00466667
0 0.102667 0.9975 0.00466667 0.00433333
0 0.407333 0.2195 0.00333333 0.00366667
0 0.679667 0.600833 0.004 0.00433333
0 0.396667 0.691667 0.00466667 0.00533333
0 0.483667 0.166 0.00466667 0.00533333
0 0.384 0.286667 0.004 0.004
0 0.0436667 0.844333 0.00533333 0.00533333
0 0.147833 0.816667 0.005 0.00533333
0 0.987167 0.1515 0.007 0.009
0 0.394 0.772333 0.00466667 0.00533333
0 0.173167 0.712667 0.00366667 0.004
0 0.1455 0.640833 0.005 0.00566667
0 0.136 0.834333 0.00533333 0.006
0 0.163833 0.239167 0.005 0.005
0 0.7725 0.994667 0.0103333 0.0106667
0 0.201167 0.0128333 0.007 0.00833333
0 0.975167 0.00333333 0.007 0.00666667
0 0.7905 0.805 0.005 0.00533333
0 0.436333 0.914333 0.00533333 0.006
0 0.1215 0.512667 0.00833333 0.00733333
0 0.483333 0.744167 0.00466667 0.005
0 0.0583333 0.7485 0.006 0.00633333
0 0.856667 0.363167 0.004 0.00433333
0 0.393667 0.316167 0.00466667 0.005
0 0.134833 0.858167 0.005 0.00566667
0 0.805333 0.330833 0.00466667 0.005
0 0.997167 0.0263333 0.005 0.00533333
0 0.336 0.722667 0.00466667 0.00533333
0 0.3705 0.0253333 0.00366667 0.004
0 0.178333 0.970833 0.00533333 0.00633333
0 0.096 0.268667 0.00933333 0.00866667
0 0.677833 0.236 0.00633333 0.008
0 0.942333 0.449167 0.00466667 0.005
0 0.433833 0.0725 0.00366667 0.00366667
0 0.037 0.72 0.00533333 0.006
0 0.0778333 0.552667 0.00566667 0.006
0 0.936833 0.753167 0.00566667 0.00566667
0 0.990667 0.2535 0.00466667 0.005
0 0.857833 0.561333 0.00566667 0.00733333
0 0.2355 0.0845 0.005 0.005
0 0.792333 0.276 0.00533333 0.00666667
0 0.277833 0.190167 0.00433333 0.005
0 0.133833 0.807667 0.00633333 0.00733333
0 0.225667 0.0906667 0.00466667 0.00466667
0 0.804167 0.224 0.005 0.00466667
0 0.450167 0.510833 0.00366667 0.00433333
0 0.619167 0.132167 0.005 0.00566667
0 0.959333 0.5015 0.00466667 0.005
0 0.0105 0.731333 0.007 0.00733333
0 0.0573333 0.827333 0.00533333 0.006
0 0.137833 0.275833 0.007 0.00833333
0 0.544667 0.563833 0.004 0.005
0 0.4395 0.202667 0.005 0.00533333
0 0.695667 0.760667 0.00466667 0.00466667
0 0.088 0.949333 0.006 0.006
0 0.419167 0.467167 0.00366667 0.00433333
0 0.954833 0.502 0.00433333 0.004
0 0.5425 0.761667 0.00566667 0.006
0 0.981667 0.182667 0.00533333 0.006
0 0.9855 0.444667 0.005 0.00533333
0 0.593167 0.156333 0.00433333 0.00466667
0 0.0395 0.947167 0.005 0.00566667
0 0.997 0.206333 0.00466667 0.006
0 0.081 0.314333 0.00666667 0.006
0 0.787833 0.438667 0.00433333 0.004
0 0.135167 0.778 0.007 0.00733333
0 0.357667 0.658333 0.00466667 0.00466667
0 0.893833 0.5205 0.00366667 0.00433333
0 0.391833 0.385833 0.00433333 0.00566667
0 0.133333 0.109167 0.00466667 0.005
0 0.387667 0.642 0.00533333 0.00533333
0 0.319167 0.4345 0.00566667 0.00633333
0 0.5015 0.788667 0.00833333 0.008
0 0.146833 0.1775 0.007 0.00833333
0 0.1015 0.315 0.005 0.00533333
0 0.383167 0.627667 0.00433333 0.00466667
0 0.472 0.0886667 0.00533333 0.00666667
0 0.240833 0.6175 0.00433333 0.00433333
0 0.106 0.929167 0.00466667 0.00433333
0 0.989333 0.622 0.00466667 0.006
0 0.224333 0.761167 0.004 0.00433333
0 0.530667 0.0608333 0.00466667 0.005
0 0.733 0.354 0.00666667 0.00666667
0 0.776167 0.569 0.00566667 0.006
0 0.4535 0.651833 0.005 0.00566667
0 0.744 0.179 0.00466667 0.006
0 0.509 0.1935 0.00466667 0.00433333
0 0.8355 0.513 0.00366667 0.004
0 0.456667 0.977833 0.00533333 0.00633333
0 0.215833 0.0168333 0.013 0.0103333
0 0.7365 0.874667 0.00566667 0.00533333
0 0.133333 0.884833 0.006 0.007
0 0.169833 0.038 0.00566667 0.00666667
0 0.374667 0.375 0.00533333 0.006
0 0.402333 0.557667 0.004 0.00466667
0 0.834833 0.3875 0.00366667 0.00433333
0 0.118833 0.140833 0.005 0.00566667
0 0.166667 0.3305 0.00533333 0.00566667
0 0.395167 0.773333 0.005 0.00533333
0 0.851333 0.5345 0.004 0.00433333
0 0.521167 0.773167 0.005 0.00566667
0 0.483 0.9665 0.00466667 0.00433333
0 0.498 0.403833 0.00733333 0.00766667
0 0.961 0.501 0.00466667 0.00533333
0 0.5905 0.989667 0.00633333 0.006
0 0.761167 0.8105 0.00566667 0.00633333
0 0.1785 0.160833 0.00433333 0.005
0 0.8665 0.602667 0.00433333 0.00466667
0 0.403167 0.6135 0.00566667 0.00566667
0 0.978333 0.7105 0.00533333 0.00633333
0 0.539667 0.276667 0.00466667 0.006
0 0.398667 0.787833 0.00533333 0.005
0 0.0856667 0.102 0.00733333 0.00866667
0 0.43 0.509167 0.00466667 0.005
0 0.421667 0.995333 0.006 0.00666667
0 0.186 0.1035 0.004 0.00433333
0 0.3795 0.329333 0.00566667 0.006
0 0.971833 0.725333 0.00566667 0.006
0 0.1275 0.827333 0.00633333 0.00666667
0 0.597 0.541 0.006 0.006
0 0.2385 0.0928333 0.00433333 0.005
0 0.757833 0.871667 0.007 0.00733333
0 0.378333 0.709667 0.00533333 0.00533333
0 0.5305 0.122333 0.00566667 0.00533333
0 0.108333 0.9 0.00533333 0.00533333
0 0.743167 0.2025 0.00566667 0.00633333
0 0.780333 0.325667 0.006 0.00666667
0 0.416667 0.185833 0.00533333 0.00566667
0 0.7325 0.8465 0.005 0.005
0 0.156167 0.838167 0.005 0.005
0 0.4635 0.482167 0.005 0.005
0 0.911833 0.407 0.00833333 0.008
0 0.994167 0.664167 0.00633333 0.00633333
0 0.9135 0.39 0.00433333 0.00466667
0 0.473333 0.124167 0.00666667 0.00633333
0 0.846 0.0231667 0.00533333 0.00633333
0 0.422833 0.215167 0.005 0.00566667
0 0.342833 0.568333 0.005 0.00533333
0 0.1905 0.4905 0.00633333 0.00633333
0 0.491667 0.379 0.006 0.008
0 0.663833 0.682 0.005 0.006
0 0.994833 0.488833 0.00566667 0.00566667
0 0.00783333 0.9655 0.00566667 0.00633333
0 0.484667 0.774667 0.006 0.00866667
0 0.2045 0.837667 0.00566667 0.006
0 0.91 0.357667 0.00533333 0.006
0 0.552833 0.336167 0.00766667 0.007
0 0.897833 0.467333 0.00433333 0.00466667
0 0.78 0.751167 0.006 0.00633333
0 0.941667 0.0883333 0.006 0.00666667
0 0.750667 0.599 0.00533333 0.006
0 0.724667 0.8665 0.006 0.00633333
0 0.794667 0.236333 0.00533333 0.006
0 0.204333 0.101833 0.00466667 0.005
0 0.833333 0.579 0.004 0.00466667
0 0.0176667 0.8705 0.006 0.00633333
0 0.825833 0.501667 0.00433333 0.00466667
0 0.632667 0.868833 0.00666667 0.00633333
0 0.446667 0.465833 0.00533333 0.005
0 0.165833 0.292167 0.00566667 0.00566667
0 0.991 0.466833 0.00466667 0.005
0 0.953667 0.221833 0.00466667 0.005
0 0.505833 0.616 0.00566667 0.006
0 0.0938333 0.145167 0.00633333 0.007
0 0.612667 0.993667 0.006 0.00666667
0 0.4415 0.5365 0.005 0.00566667
0 0.486333 0.9575 0.00666667 0.00633333
0 0.17 0.753667 0.008 0.00866667
0 0.465833 0.4465 0.00566667 0.007
0 0.300333 0.223667 0.00533333 0.006
0 0.896667 0.291167 0.00533333 0.00566667
0 0.381667 0.0608333 0.004 0.00433333
0 0.248 0.168833 0.006 0.007
0 0.8045 0.318833 0.00433333 0.00433333
0 0.723667 0.376333 0.00533333 0.00533333
0 0.00633333 0.905667 0.00666667 0.00533333
0 0.1105 0.734333 0.00566667 0.006
0 0.546167 0.597167 0.00566667 0.005
0 0.697167 0.819667 0.00566667 0.00533333
0 0.249167 0.2175 0.00633333 0.007
0 0.5025 0.8975 0.00633333 0.00566667
0 0.942167 0.158667 0.00633333 0.00733333
0 0.417167 0.606833 0.00633333 0.00633333
0 0.618833 0.457667 0.00766667 0.00933333
0 0.739833 0.599833 0.00633333 0.007
0 0.961333 0.153667 0.006 0.006
0 0.6485 0.311 0.00566667 0.00733333
0 0.87 0.0218333 0.00733333 0.00766667
0 0.808833 0.631667 0.005 0.00533333
0 0.489667 0.128 0.00533333 0.006
0 0.1765 0.136833 0.00566667 0.00566667
0 0.327333 0.176 0.00533333 0.00533333
0 0.882333 0.425667 0.00533333 0.006
0 0.2235 0.806 0.005 0.006
0 0.534667 0.968667 0.00666667 0.00666667
0 0.877 0.3905 0.00533333 0.00566667
0 0.194167 0.969167 0.00766667 0.00966667
0 0.7825 0.819167 0.00633333 0.007
0 0.467167 0.809 0.00766667 0.008
0 0.9325 0.152833 0.00833333 0.007
0 0.541833 0.355833 0.007 0.007
0 0.9065 0.3285 0.00566667 0.005
0 0.980167 0.141667 0.00766667 0.00866667
0 0.787 0.264167 0.00533333 0.005
0 0.596167 0.517667 0.00633333 0.00733333
0 0.5655 0.368167 0.007 0.007
0 0.334167 0.652833 0.00566667 0.00633333
0 0.657667 0.446 0.00666667 0.008
0 0.0243333 0.8955 0.006 0.007
0 0.596 0.816333 0.00666667 0.00733333
0 0.234833 0.801167 0.00633333 0.00633333
0 0.424667 0.475 0.00533333 0.00533333
0 0.613333 0.249167 0.008 0.00766667
0 0.577167 0.4545 0.007 0.00766667
0 0.67 0.394667 0.00666667 0.00733333
0 0.404167 0.308167 0.00366667 0.00433333
0 0.6835 0.176667 0.00633333 0.00733333
0 0.570333 0.342833 0.00666667 0.00766667
0 0.732833 0.834 0.007 0.006
0 0.484833 0.460333 0.007 0.008
0 0.490833 0.8415 0.00633333 0.007
0 0.895333 0.202667 0.00666667 0.00666667
0 0.5485 0.583667 0.00633333 0.006
0 0.552667 0.360167 0.006 0.00633333
0 0.536333 0.319333 0.00666667 0.00733333
0 0.522167 0.542833 0.00766667 0.00766667
