0 0.224 0.448333 0.00866667 0.00933333
0 0.2315 0.515167 0.009 0.0103333
0 0.7825 0.505333 0.009 0.00866667
0 0.449167 0.2665 0.0103333 0.009
0 0.39 0.5485 0.00866667 0.00966667
0 0.327333 0.219 0.01 0.0106667
0 0.3275 0.8205 0.00833333 0.009
0 0.391333 0.261333 0.00733333 0.008
0 0.527833 0.322 0.009 0.0106667
0 0.520667 0.842 0.008 0.01
0 0.00916667 0.7695 0.00766667 0.007
0 0.007 0.135833 0.012 0.0116667
0 0.390167 0.0986667 0.007 0.00733333
0 0.387 0.110833 0.00933333 0.00966667
0 0.849833 0.4345 0.0103333 0.011
0 0.0856667 0.975667 0.014 0.012
0 0.4765 0.0361667 0.00766667 0.00766667
0 0.2545 0.259333 0.00766667 0.008
0 0.9235 0.720833 0.00833333 0.00833333
0 0.740167 0.533 0.00633333 0.00666667
0 0.309 0.235667 0.00933333 0.0126667
0 0.515 0.0115 0.00666667 0.00766667
0 0.604333 0.762333 0.00933333 0.00933333
0 0.695 0.245333 0.0206667 0.0126667
0 0.196 0.295 0.008 0.00733333
0 0.026 0.172833 0.0113333 0.0136667
0 0.2705 0.299333 0.00633333 0.00666667
0 0.0521667 0.874 0.00833333 0.0126667
0 0.316 0.982333 0.0106667 0.0126667
0 0.0553333 0.176333 0.0133333 0.012
0 0.0803333 0.550333 0.012 0.00933333
0 0.226333 0.3085 0.00733333 0.00833333
0 0.326333 0.211833 0.0126667 0.0123333
0 0.672667 0.609667 0.008 0.00866667
0 0.363833 0.7415 0.0103333 0.009
0 0.39 0.559833 0.00933333 0.0103333
0 0.227 0.541 0.00933333 0.00866667
0 0.0103333 0.174667 0.0126667 0.0106667
0 0.195833 0.150333 0.00833333 0.008
0 0.403833 0.3865 0.011 0.011
0 0.0251667 0.342333 0.009 0.00933333
0 0.7585 0.520333 0.0103333 0.00866667
0 0.326167 0.504667 0.007 0.01
0 0.191833 0.111667 0.00633333 0.008
0 0.466667 0.521167 0.0106667 0.00833333
0 0.0603333 0.994833 0.008 0.0103333
0 0.409667 0.134833 0.01 0.011
0 0.192667 0.790167 0.014 0.0123333
0 0.245333 0.580167 0.0106667 0.009
0 0.529167 0.261167 0.011 0.009
0 0.381 0.114 0.0133333 0.01
0 0.786333 0.505833 0.0133333 0.00966667
0 0.394333 0.303333 0.008 0.00866667
0 0.632333 0.0306667 0.00933333 0.0113333
0 0.5365 0.487667 0.00966667 0.00933333
0 0.655667 0.0216667 0.0106667 0.01
0 0.307667 0.275833 0.00733333 0.00766667
0 0.125167 0.730833 0.00833333 0.007
0 0.441167 0.663333 0.009 0.00666667
0 0.218833 0.950667 0.00633333 0.00733333
0 0.6285 0.702667 0.0103333 0.01
0 0.423 0.306333 0.0106667 0.00933333
0 0.652833 0.297 0.009 0.01
0 0.486667 0.8815 0.012 0.0116667
0 0.585 0.434667 0.01 0.01
0 0.498 0.4515 0.00866667 0.0116667
0 0.044 0.466667 0.01 0.00866667
0 0.556833 0.329833 0.00966667 0.0103333
