0 0.216 0.595333 0.014 0.0153333
0 0.108167 0.704167 0.0223333 0.0196667
0 0.528167 0.254333 0.021 0.0193333
0 0.941167 0.291 0.0243333 0.0213333
0 0.354667 0.9405 0.014 0.0176667
0 0.798167 0.486833 0.00833333 0.0116667
0 0.158167 0.676333 0.015 0.0166667
0 0.193667 0.6005 0.0166667 0.0136667
0 0.679833 0.69 0.0103333 0.01
0 0.426833 0.8915 0.0116667 0.013
0 0.676333 0.229 0.0146667 0.0146667
0 0.113667 0.781833 0.0146667 0.0196667
0 0.626833 0.227167 0.0136667 0.0176667
0 0.157667 0.747667 0.0153333 0.0166667
0 0.6675 0.7485 0.013 0.0123333
0 0.7455 0.420333 0.011 0.0106667
0 0.1735 0.7275 0.017 0.0236667
0 0.659 0.7405 0.00933333 0.011
0 0.5105 0.858333 0.0103333 0.0126667
0 0.152333 0.598333 0.0146667 0.0193333
0 0.126833 0.753667 0.0196667 0.0233333
0 0.518667 0.917167 0.0126667 0.0103333
0 0.1325 0.8065 0.0103333 0.0156667
0 0.7015 0.843833 0.011 0.013
0 0.536333 0.9445 0.014 0.0163333
0 0.3605 0.825167 0.013 0.0123333
0 0.717 0.795667 0.01 0.0133333
0 0.654833 0.0995 0.0136667 0.0196667
0 0.717 0.7725 0.01 0.0123333
0 0.743333 0.697667 0.0113333 0.014
0 0.1555 0.701333 0.0163333 0.0206667
0 0.618667 0.124167 0.0133333 0.017
0 0.394667 0.806333 0.01 0.0146667
0 0.7195 0.750667 0.0136667 0.016
0 0.691 0.533833 0.014 0.0143333
0 0.3645 0.713833 0.017 0.013
0 0.664 0.8275 0.016 0.0196667
0 0.232833 0.714833 0.0136667 0.019
0 0.252667 0.649833 0.0186667 0.0156667
0 0.8025 0.703 0.0136667 0.0113333
0 0.5345 0.921 0.0103333 0.0146667
0 0.699833 0.678833 0.0136667 0.011
0 0.373333 0.7805 0.0113333 0.0143333
0 0.652667 0.226833 0.0133333 0.0163333
0 0.475167 0.353667 0.021 0.0213333
0 0.572667 0.503833 0.024 0.029
0 0.381 0.298167 0.022 0.0216667
0 0.757 0.487 0.0106667 0.0133333
0 0.475167 0.902167 0.011 0.015
0 0.586333 0.730333 0.0153333 0.0106667
0 0.488167 0.147833 0.0196667 0.023
0 0.555667 0.594667 0.0193333 0.0186667
0 0.5025 0.3965 0.021 0.0236667
0 0.487 0.223167 0.0213333 0.0216667
0 0.380167 0.637833 0.0136667 0.0156667
0 0.480333 0.8645 0.0126667 0.011
0 0.555333 0.779167 0.0126667 0.0116667
0 0.4465 0.5395 0.0203333 0.021
0 0.453 0.887833 0.0133333 0.0123333
0 0.670167 0.490333 0.019 0.0166667
0 0.220667 0.0585 0.0206667 0.0196667
0 0.563667 0.827167 0.0153333 0.0136667
0 0.611833 0.557667 0.0156667 0.018
0 0.778167 0.716667 0.019 0.014
0 0.360833 0.424 0.0216667 0.0193333
0 0.430667 0.666833 0.016 0.0136667
0 0.591 0.535167 0.0206667 0.0183333
0 0.634667 0.664667 0.0186667 0.0133333
0 0.474833 0.739833 0.0136667 0.017
