0 0.146833 0.730667 0.00633333 0.00733333
0 0.0985 0.440833 0.005 0.00566667
0 0.813667 0.0513333 0.00466667 0.00533333
0 0.209833 0.940833 0.00833333 0.00966667
0 0.821167 0.0796667 0.00633333 0.008
0 0.628667 0.183667 0.00466667 0.00466667
0 0.254667 0.719667 0.00866667 0.00866667
0 0.1425 0.0215 0.00833333 0.009
0 0.701667 0.022 0.006 0.00666667
0 0.69 0.513167 0.00533333 0.00566667
0 0.5585 0.1565 0.00766667 0.00633333
0 0.181167 0.695167 0.00566667 0.00566667
0 0.590667 0.142667 0.00733333 0.01
0 0.846833 0.537 0.009 0.0106667
0 0.794167 0.1075 0.007 0.007
0 0.393167 0.417 0.007 0.00866667
0 0.813 0.100167 0.00533333 0.00633333
0 0.167833 0.603833 0.005 0.00566667
0 0.629667 0.876667 0.006 0.00666667
0 0.663833 0.825667 0.00566667 0.00733333
0 0.591667 0.5125 0.00666667 0.009
0 0.123167 0.589333 0.00766667 0.00666667
0 0.842333 0.115667 0.006 0.006
0 0.299 0.548 0.00466667 0.00533333
0 0.2145 0.767833 0.00766667 0.00833333
0 0.5485 0.6965 0.007 0.007
0 0.154333 0.6005 0.00666667 0.007
0 0.353833 0.209333 0.007 0.00666667
0 0.8205 0.193333 0.00633333 0.00733333
0 0.8275 0.0928333 0.007 0.007
0 0.635 0.4485 0.0106667 0.00966667
0 0.768833 0.451333 0.00766667 0.008
0 0.949333 0.056 0.00866667 0.008
0 0.7085 0.384333 0.00633333 0.00666667
0 0.85 0.089 0.00666667 0.00666667
0 0.965333 0.186 0.01 0.00866667
0 0.665 0.358167 0.00733333 0.00766667
0 0.5575 0.1395 0.009 0.00766667
0 0.719 0.3105 0.00866667 0.007
0 0.791333 0.0838333 0.00733333 0.00833333
0 0.706 0.8055 0.008 0.009
0 0.837833 0.143333 0.00566667 0.006
0 0.832667 0.1725 0.00666667 0.00833333
0 0.2345 0.959833 0.009 0.011
0 0.844 0.155 0.006 0.00666667
0 0.697833 0.0391667 0.00833333 0.00966667
0 0.679667 0.112167 0.008 0.00766667
0 0.763 0.102333 0.00666667 0.00666667
0 0.280833 0.685833 0.00833333 0.00966667
0 0.710833 0.6695 0.00766667 0.0103333
0 0.571167 0.640167 0.00633333 0.00833333
0 0.842167 0.0486667 0.007 0.00666667
0 0.5935 0.678 0.00766667 0.00933333
0 0.746333 0.116 0.00666667 0.00666667
0 0.922333 0.133 0.00933333 0.0106667
0 0.942333 0.272333 0.00733333 0.00866667
0 0.246 0.4385 0.00733333 0.00766667
0 0.634333 0.486667 0.012 0.00933333
0 0.726667 0.5615 0.008 0.00833333
0 0.9835 0.0493333 0.00966667 0.0106667
0 0.430333 0.497167 0.008 0.00833333
0 0.176 0.683333 0.00933333 0.00933333
0 0.558833 0.5595 0.009 0.00766667
0 0.4 0.406167 0.008 0.009
0 0.434167 0.5285 0.00766667 0.00766667
0 0.464167 0.533833 0.00633333 0.00833333
0 0.756 0.128 0.00666667 0.00733333
0 0.751833 0.678167 0.009 0.00833333
0 0.463 0.461667 0.008 0.00866667
