0 0.415 0.190167 0.004 0.00433333
0 0.260833 0.538167 0.00433333 0.00433333
0 0.344167 0.355667 0.00433333 0.00466667
0 0.592167 0.446333 0.00433333 0.00466667
0 0.6545 0.415833 0.00433333 0.00433333
0 0.270333 0.501167 0.00333333 0.00433333
0 0.371833 0.3545 0.00433333 0.00433333
0 0.112833 0.980667 0.0223333 0.0306667
0 0.339333 0.496167 0.004 0.00433333
0 0.516333 0.807167 0.006 0.00633333
0 0.361667 0.397667 0.004 0.00466667
0 0.322833 0.496 0.00433333 0.00466667
0 0.333667 0.357333 0.004 0.004
0 0.293167 0.487333 0.00433333 0.004
0 0.360333 0.373833 0.004 0.00366667
0 0.425333 0.321333 0.00466667 0.00466667
0 0.250667 0.467833 0.00533333 0.005
0 0.645 0.370167 0.00466667 0.005
0 0.601167 0.340333 0.00766667 0.00666667
0 0.295333 0.435 0.004 0.004
0 0.298667 0.517667 0.004 0.00466667
0 0.2485 0.785333 0.00766667 0.00933333
0 0.296333 0.5635 0.00466667 0.005
0 0.393833 0.351333 0.00433333 0.00533333
0 0.453 0.8045 0.00933333 0.009
0 0.3555 0.340333 0.00433333 0.00466667
0 0.339667 0.409833 0.00466667 0.00433333
0 0.726 0.581 0.0146667 0.0153333
0 0.3265 0.465167 0.00433333 0.005
0 0.2685 0.397833 0.005 0.005
0 0.276833 0.806167 0.0103333 0.0116667
0 0.551167 0.795 0.00966667 0.0106667
0 0.594167 0.4835 0.005 0.005
0 0.404 0.282667 0.0106667 0.012
0 0.697167 0.383833 0.00966667 0.011
0 0.285833 0.8075 0.017 0.013
0 0.665 0.5495 0.012 0.0123333
0 0.382 0.904667 0.018 0.0166667
0 0.4175 0.458333 0.011 0.0106667
0 0.414333 0.555833 0.0173333 0.0156667
0 0.348667 0.7165 0.0146667 0.0196667
0 0.543667 0.307333 0.0113333 0.0113333
0 0.503 0.544 0.012 0.016
0 0.598 0.6305 0.012 0.0116667
0 0.340167 0.752667 0.0156667 0.016
0 0.554167 0.386167 0.0116667 0.0123333
