0 0.826167 0.931667 0.007 0.008
0 0.0403333 0.377 0.00666667 0.00666667
0 0.651333 0.384167 0.00866667 0.00766667
0 0.938 0.968667 0.01 0.01
0 0.563333 0.0415 0.00666667 0.00833333
0 0.937667 0.177333 0.00933333 0.00933333
0 0.951833 0.570333 0.00566667 0.00666667
0 0.956667 0.2365 0.006 0.007
0 0.557667 0.570667 0.00733333 0.00866667
0 0.851 0.6865 0.00733333 0.00766667
0 0.9655 0.9735 0.00833333 0.009
0 0.968167 0.6005 0.007 0.00966667
0 0.185 0.695167 0.00533333 0.00633333
0 0.9155 0.9445 0.00766667 0.00833333
0 0.00416667 0.251167 0.00833333 0.011
0 0.960167 0.939167 0.00966667 0.0116667
0 0.161833 0.8735 0.00633333 0.007
0 0.767 0.789667 0.006 0.00733333
0 0.778167 0.569333 0.00566667 0.00666667
0 0.6145 0.511333 0.00766667 0.00866667
0 0.791333 0.485667 0.00666667 0.008
0 0.960833 0.2235 0.00766667 0.00833333
0 0.375 0.780833 0.00866667 0.00966667
0 0.935 0.945667 0.0106667 0.0133333
0 0.882667 0.927667 0.00733333 0.008
0 0.914167 0.971667 0.00833333 0.008
0 0.761833 0.919333 0.00766667 0.00866667
0 0.572333 0.667333 0.00666667 0.00666667
0 0.949667 0.969667 0.00733333 0.008
0 0.777167 0.951667 0.00766667 0.008
0 0.794833 0.939167 0.00766667 0.00766667
0 0.3355 0.210667 0.00833333 0.008
0 0.409 0.418333 0.01 0.00866667
0 0.0446667 0.467 0.00933333 0.00866667
0 0.652 0.554167 0.00933333 0.00833333
0 0.00483333 0.6175 0.00966667 0.00966667
0 0.808667 0.930833 0.00666667 0.007
0 0.811 0.852333 0.008 0.01
0 0.105 0.847833 0.00666667 0.007
0 0.878 0.834333 0.006 0.00666667
0 0.742333 0.9535 0.00666667 0.00766667
0 0.171833 0.797167 0.00633333 0.00633333
0 0.0276667 0.570167 0.0106667 0.0103333
0 0.700333 0.288333 0.00933333 0.008
0 0.708167 0.727167 0.00833333 0.00966667
0 0.0126667 0.900333 0.00733333 0.00733333
0 0.1155 0.8765 0.007 0.007
0 0.07 0.6925 0.00866667 0.0103333
0 0.054 0.3915 0.00933333 0.009
0 0.067 0.851833 0.00666667 0.0123333
0 0.795333 0.924167 0.008 0.00766667
0 0.284167 0.9135 0.00833333 0.00833333
0 0.731167 0.306333 0.00966667 0.00933333
0 0.175167 0.375333 0.009 0.008
0 0.211167 0.905333 0.00766667 0.00933333
0 0.483 0.748833 0.00933333 0.00966667
0 0.8565 0.878833 0.00766667 0.00833333
0 0.456 0.692833 0.00866667 0.00966667
0 0.445167 0.536 0.011 0.0113333
0 0.378 0.622 0.0106667 0.01
0 0.682167 0.3345 0.011 0.00966667
0 0.363 0.9435 0.00866667 0.00833333
0 0.217667 0.499 0.00933333 0.008
0 0.312 0.854333 0.008 0.00933333
0 0.939333 0.842333 0.008 0.008
0 0.350667 0.660833 0.0106667 0.009
0 0.325 0.878167 0.00666667 0.00833333
0 0.192 0.521333 0.01 0.008
0 0.0265 0.595167 0.0123333 0.015
0 0.162167 0.4795 0.0103333 0.00833333
0 0.0836667 0.402167 0.00866667 0.009
0 0.006 0.833667 0.01 0.0106667
0 0.0766667 0.455333 0.00866667 0.0106667
0 0.310667 0.942167 0.01 0.009
