0 0.615667 0.689 0.00666667 0.00666667
0 0.760167 0.508667 0.0123333 0.014
0 0.6955 0.782667 0.00833333 0.0106667
0 0.733833 0.743167 0.0156667 0.0243333
0 0.337167 0.720667 0.0116667 0.014
0 0.6885 0.934167 0.025 0.0196667
0 0.446833 0.8095 0.0123333 0.0136667
0 0.6615 0.898333 0.017 0.018
0 0.667333 0.989667 0.0133333 0.0193333
0 0.71 0.539 0.0146667 0.014
0 0.748667 0.551833 0.0166667 0.017
0 0.728667 0.752 0.0133333 0.0173333
0 0.231 0.0465 0.0173333 0.0183333
0 0.211 0.718667 0.0206667 0.02
0 0.21 0.585667 0.0166667 0.014
0 0.204333 0.0108333 0.0133333 0.0163333
0 0.437167 0.981833 0.0143333 0.0196667
0 0.2625 0.436333 0.0136667 0.0153333
0 0.5775 0.141333 0.0176667 0.0166667
0 0.4355 0.564167 0.0163333 0.0123333
0 0.219833 0.550833 0.0196667 0.013
0 0.593667 0.934333 0.0173333 0.0226667
0 0.146833 0.463 0.017 0.0173333
0 0.5825 0.105667 0.0163333 0.016
0 0.1595 0.612 0.0176667 0.014
0 0.738167 0.733167 0.0163333 0.0143333
0 0.262333 0.579167 0.0193333 0.015
0 0.668 0.6745 0.0146667 0.015
0 0.659333 0.316167 0.016 0.0176667
0 0.389 0.479333 0.0153333 0.0133333
0 0.709333 0.670167 0.0193333 0.0156667
0 0.617833 0.432833 0.015 0.0176667
0 0.433833 0.315833 0.019 0.019
0 0.763 0.2675 0.0146667 0.0143333
0 0.260833 0.524333 0.0196667 0.0153333
0 0.5505 0.776167 0.017 0.017
0 0.352833 0.707167 0.0176667 0.0163333
0 0.5595 0.0605 0.0183333 0.0143333
0 0.8675 0.158 0.015 0.0153333
0 0.776333 0.204333 0.018 0.0153333
0 0.807667 0.248 0.0173333 0.0213333
0 0.398667 0.569333 0.0193333 0.0113333
0 0.416167 0.893833 0.0216667 0.0243333
0 0.288 0.142167 0.0213333 0.0196667
0 0.386833 0.5495 0.0143333 0.0156667
0 0.445167 0.689333 0.015 0.0146667
