0 0.9265 0.633167 0.0123333 0.0143333
0 0.880167 0.9425 0.013 0.0143333
0 0.992833 0.057 0.0143333 0.0226667
0 0.716167 0.484167 0.0256667 0.0263333
0 0.8705 0.969167 0.0143333 0.0163333
0 0.543667 0.0103333 0.0206667 0.0186667
0 0.7865 0.9205 0.015 0.0183333
0 0.0301667 0.381667 0.0296667 0.0353333
0 0.1135 0.176167 0.0296667 0.025
0 0.754333 0.00633333 0.0126667 0.012
0 0.701333 0.2245 0.0266667 0.0283333
0 0.534333 0.914333 0.0246667 0.0186667
0 0.827167 0.0633333 0.0183333 0.0186667
0 0.91 0.8055 0.018 0.017
0 0.889667 0.6825 0.0126667 0.0156667
0 0.8355 0.594167 0.00966667 0.013
0 0.794167 0.5225 0.017 0.0183333
0 0.649667 0.368167 0.03 0.0276667
0 0.317 0.376 0.034 0.0293333
0 0.684667 0.501167 0.0293333 0.029
0 0.291 0.634667 0.0273333 0.0333333
0 0.336333 0.538833 0.032 0.0283333
0 0.448333 0.538333 0.0253333 0.02
0 0.626333 0.483167 0.03 0.0316667
0 0.4485 0.35 0.0283333 0.026
0 0.8385 0.499167 0.013 0.0163333
0 0.8765 0.874333 0.0203333 0.0193333
0 0.790833 0.719167 0.021 0.0223333
0 0.5885 0.358 0.031 0.028
0 0.518 0.654 0.0286667 0.0286667
0 0.429333 0.970333 0.0226667 0.0233333
0 0.330333 0.752833 0.0253333 0.0276667
