0 0.229333 0.2005 0.00666667 0.00633333
0 0.614833 0.557333 0.007 0.008
0 0.624667 0.9575 0.00866667 0.00966667
0 0.6565 0.604 0.00633333 0.00733333
0 0.468667 0.137833 0.00533333 0.00633333
0 0.628667 0.6875 0.00933333 0.0123333
0 0.473333 0.738667 0.00866667 0.0106667
0 0.6275 0.7845 0.00633333 0.00633333
0 0.298167 0.817833 0.00766667 0.011
0 0.7 0.724667 0.00933333 0.01
0 0.295667 0.348167 0.00733333 0.00833333
0 0.488 0.432 0.008 0.0106667
0 0.623333 0.822 0.00733333 0.00933333
0 0.582 0.204167 0.006 0.00833333
0 0.278833 0.111 0.00633333 0.00733333
0 0.477667 0.0541667 0.00733333 0.00766667
0 0.637 0.759 0.008 0.00933333
0 0.511 0.0336667 0.00866667 0.0106667
0 0.49 0.3605 0.008 0.00966667
0 0.538333 0.860833 0.00733333 0.00766667
0 0.4735 0.108833 0.00633333 0.007
0 0.605 0.803333 0.00866667 0.0113333
0 0.199167 0.788167 0.007 0.009
0 0.2135 0.956167 0.009 0.00833333
0 0.620667 0.919667 0.00933333 0.01
0 0.208833 0.5355 0.0103333 0.00833333
0 0.812167 0.424167 0.00833333 0.00966667
0 0.492667 0.745833 0.00866667 0.00833333
0 0.609833 0.763 0.0103333 0.00866667
0 0.338167 0.8345 0.0103333 0.0116667
0 0.5065 0.791833 0.00833333 0.0103333
0 0.796833 0.5495 0.00766667 0.00766667
0 0.3995 0.5595 0.00966667 0.00833333
0 0.363833 0.615667 0.00966667 0.00933333
0 0.573667 0.5475 0.00866667 0.00833333
0 0.282 0.668333 0.008 0.01
0 0.407 0.839833 0.00933333 0.0103333
0 0.740167 0.457 0.011 0.0106667
