0 0.746167 0.738667 0.00633333 0.008
0 0.7705 0.568333 0.00566667 0.00733333
0 0.535667 0.837167 0.00466667 0.00566667
0 0.290833 0.04 0.007 0.00866667
0 0.252167 0.979333 0.00766667 0.008
0 0.250167 0.982 0.007 0.00733333
0 0.9745 0.321667 0.00833333 0.00933333
0 0.908167 0.059 0.009 0.01
0 0.7225 0.825333 0.007 0.00866667
0 0.608167 0.0876667 0.005 0.00533333
0 0.406167 0.740667 0.00633333 0.00666667
0 0.136167 0.346333 0.00566667 0.006
0 0.510333 0.560333 0.00666667 0.00733333
0 0.891167 0.3055 0.00633333 0.00766667
0 0.627333 0.317667 0.00733333 0.00733333
0 0.249333 0.3585 0.00666667 0.007
0 0.0555 0.872833 0.007 0.009
0 0.242333 0.607833 0.00666667 0.007
0 0.739 0.242333 0.00866667 0.006
0 0.92 0.718 0.008 0.008
0 0.230833 0.6175 0.009 0.00966667
0 0.850167 0.351167 0.00566667 0.00633333
0 0.7465 0.803167 0.007 0.009
0 0.981667 0.358833 0.0106667 0.00833333
0 0.0726667 0.604333 0.00533333 0.006
0 0.797667 0.732667 0.00733333 0.008
0 0.765 0.590167 0.0106667 0.00833333
0 0.326167 0.659 0.0103333 0.008
0 0.7855 0.262667 0.007 0.008
0 0.762 0.781667 0.00733333 0.00733333
0 0.127833 0.0525 0.007 0.007
0 0.7275 0.699833 0.00566667 0.00633333
0 0.6795 0.976167 0.00633333 0.00766667
0 0.155 0.197833 0.006 0.00566667
0 0.118833 0.6345 0.0103333 0.00766667
0 0.921833 0.659667 0.00566667 0.00666667
0 0.832 0.618167 0.008 0.00766667
0 0.401833 0.445 0.00633333 0.00733333
0 0.341833 0.3525 0.00766667 0.007
0 0.0963333 0.764167 0.006 0.007
0 0.631833 0.6515 0.00766667 0.009
0 0.86 0.759667 0.00866667 0.008
0 0.4745 0.3905 0.00633333 0.00633333
0 0.8985 0.692667 0.007 0.00666667
0 0.7885 0.0368333 0.0103333 0.0116667
0 0.2705 0.846167 0.00766667 0.0103333
0 0.920667 0.290667 0.0106667 0.01
0 0.1765 0.423333 0.00833333 0.01
0 0.977333 0.330167 0.00733333 0.00833333
0 0.502167 0.439167 0.007 0.007
0 0.0293333 0.637333 0.00866667 0.00733333
0 0.844833 0.0625 0.00833333 0.00833333
0 0.409167 0.377 0.00766667 0.00733333
0 0.2695 0.492833 0.00766667 0.011
0 0.6065 0.282167 0.007 0.00766667
0 0.788667 0.223833 0.008 0.00833333
0 0.806667 0.582 0.00733333 0.00666667
0 0.647333 0.218667 0.00666667 0.006
0 0.375667 0.98 0.00733333 0.00933333
0 0.7425 0.3675 0.00633333 0.00766667
0 0.739333 0.87 0.006 0.00666667
0 0.257333 0.757333 0.00733333 0.01
0 0.775667 0.576667 0.006 0.006
0 0.610167 0.201167 0.007 0.007
0 0.993667 0.324667 0.00733333 0.00733333
0 0.776167 0.312333 0.00766667 0.00733333
0 0.787833 0.646833 0.007 0.00966667
0 0.324 0.4415 0.00866667 0.009
0 0.377333 0.4055 0.00666667 0.007
0 0.08 0.6155 0.00733333 0.00633333
0 0.597 0.273 0.00866667 0.008
0 0.788 0.414167 0.01 0.00966667
0 0.434667 0.699 0.00866667 0.0113333
0 0.3955 0.486333 0.00766667 0.008
0 0.7175 0.152333 0.00766667 0.008
0 0.3255 0.386833 0.007 0.009
0 0.382833 0.447667 0.007 0.00733333
0 0.580333 0.238667 0.00933333 0.00866667
0 0.851667 0.239667 0.008 0.008
0 0.0816667 0.403667 0.00733333 0.01
