0 0.432333 0.758 0.00733333 0.008
0 0.97 0.383833 0.008 0.0103333
0 0.441167 0.888167 0.007 0.007
0 0.401167 0.560167 0.00833333 0.007
0 0.402333 0.777333 0.00533333 0.006
0 0.573833 0.751 0.00766667 0.00733333
0 0.252667 0.289833 0.004 0.00433333
0 0.1065 0.3025 0.005 0.00566667
0 0.1335 0.431333 0.00633333 0.00666667
0 0.486667 0.00816667 0.006 0.00633333
0 0.678167 0.475167 0.00633333 0.00633333
0 0.578333 0.0291667 0.008 0.009
0 0.831833 0.00383333 0.009 0.00766667
0 0.199833 0.1865 0.005 0.00633333
0 0.616667 0.290667 0.00866667 0.00866667
0 0.608 0.281333 0.00866667 0.00733333
0 0.057 0.433333 0.00733333 0.00866667
0 0.469667 0.572833 0.00666667 0.007
0 0.391 0.816 0.008 0.008
0 0.0153333 0.4655 0.00666667 0.00633333
0 0.229667 0.256 0.006 0.008
0 0.179833 0.523167 0.00566667 0.007
0 0.975833 0.532167 0.00833333 0.00766667
0 0.778667 0.151667 0.00933333 0.01
0 0.544 0.484 0.00533333 0.00533333
0 0.840333 0.749 0.006 0.006
0 0.664 0.3495 0.00733333 0.00833333
0 0.7975 0.0808333 0.009 0.00833333
0 0.682667 0.307833 0.008 0.007
0 0.862167 0.491833 0.00566667 0.00633333
0 0.3745 0.134 0.00766667 0.01
0 0.780333 0.839667 0.008 0.01
0 0.0195 0.408167 0.00833333 0.009
0 0.612 0.795 0.00666667 0.008
0 0.251167 0.692833 0.007 0.009
0 0.793 0.136667 0.008 0.01
0 0.850167 0.495167 0.00633333 0.00766667
0 0.381 0.2915 0.00733333 0.00966667
0 0.483833 0.918167 0.00633333 0.00633333
0 0.205833 0.171333 0.00566667 0.006
0 0.247667 0.224667 0.00533333 0.006
0 0.4695 0.499167 0.007 0.007
0 0.0223333 0.792833 0.008 0.00833333
0 0.264833 0.771667 0.007 0.00866667
0 0.4925 0.473333 0.00633333 0.00666667
0 0.9285 0.513167 0.00833333 0.009
0 0.156667 0.260333 0.00666667 0.00933333
0 0.4605 0.4985 0.00566667 0.00566667
0 0.833167 0.342333 0.00833333 0.00733333
0 0.3395 0.137667 0.00833333 0.01
0 0.759667 0.965333 0.00733333 0.00866667
0 0.415167 0.7655 0.00633333 0.00833333
0 0.458 0.6575 0.006 0.00633333
0 0.222667 0.350667 0.00733333 0.00666667
0 0.560667 0.639 0.00666667 0.008
0 0.5645 0.716167 0.00766667 0.00833333
0 0.513 0.492667 0.006 0.00666667
0 0.427667 0.0768333 0.00733333 0.009
0 0.623667 0.448167 0.00733333 0.00766667
0 0.9725 0.380833 0.00566667 0.00566667
0 0.466833 0.483833 0.007 0.00766667
0 0.985 0.402333 0.00733333 0.00866667
0 0.16 0.290333 0.00666667 0.006
0 0.0286667 0.487667 0.00666667 0.00666667
0 0.249667 0.343667 0.00533333 0.00666667
0 0.5 0.624667 0.00733333 0.00666667
0 0.541333 0.288167 0.00866667 0.011
0 0.163333 0.451 0.00666667 0.008
0 0.605167 0.815667 0.00833333 0.00933333
0 0.4885 0.485167 0.009 0.007
0 0.3165 0.759667 0.00766667 0.00866667
0 0.797167 0.8895 0.007 0.00766667
0 0.193833 0.827833 0.00766667 0.00833333
0 0.415833 0.546167 0.00766667 0.00766667
0 0.5365 0.099 0.0103333 0.0113333
0 0.4675 0.439667 0.007 0.008
0 0.263667 0.348833 0.00666667 0.00633333
0 0.228833 0.371 0.007 0.00666667
0 0.9655 0.387667 0.00633333 0.00733333
0 0.306167 0.7445 0.00633333 0.007
0 0.577 0.298 0.00866667 0.0113333
0 0.332333 0.779333 0.00666667 0.008
0 0.213333 0.392167 0.00666667 0.00833333
0 0.549667 0.35 0.00733333 0.008
