0 0.330333 0.301667 0.00466667 0.00533333
0 0.0661667 0.0326667 0.0123333 0.012
0 0.323 0.793833 0.00666667 0.00766667
0 0.68 0.116333 0.00466667 0.00533333
0 0.39 0.799833 0.00666667 0.00766667
0 0.7905 0.194 0.005 0.00533333
0 0.322167 0.234667 0.00566667 0.00666667
0 0.235667 0.442667 0.00666667 0.00733333
0 0.553 0.244333 0.00466667 0.00466667
0 0.7365 0.3455 0.00633333 0.00633333
0 0.249833 0.449667 0.00633333 0.00733333
0 0.192833 0.1685 0.017 0.0143333
0 0.743833 0.383833 0.005 0.005
0 0.618 0.178167 0.00466667 0.005
0 0.3095 0.705167 0.007 0.007
0 0.7765 0.767 0.00833333 0.00933333
0 0.317667 0.2405 0.00733333 0.007
0 0.201667 0.283667 0.016 0.0166667
0 0.149333 0.453333 0.006 0.006
0 0.847 0.578333 0.006 0.006
0 0.603667 0.130167 0.004 0.00433333
0 0.513167 0.280667 0.005 0.00533333
0 0.714667 0.3555 0.00466667 0.005
0 0.398333 0.385667 0.006 0.00666667
0 0.477667 0.241667 0.00533333 0.006
0 0.205833 0.420667 0.00633333 0.00666667
0 0.125 0.406167 0.00666667 0.00766667
0 0.238 0.475 0.00866667 0.008
0 0.829333 0.673167 0.00733333 0.00766667
0 0.515667 0.2195 0.006 0.00566667
0 0.8475 0.185 0.00633333 0.00666667
0 0.817833 0.347 0.00566667 0.006
0 0.316 0.311167 0.00533333 0.00566667
0 0.0875 0.279333 0.00833333 0.00866667
0 0.590667 0.0898333 0.006 0.007
0 0.0696667 0.526333 0.008 0.00866667
0 0.6915 0.784333 0.009 0.00866667
0 0.764167 0.443333 0.00833333 0.008
0 0.5565 0.332 0.005 0.00533333
0 0.594833 0.2555 0.00433333 0.00433333
0 0.6765 0.322167 0.005 0.00566667
0 0.719667 0.797667 0.01 0.012
0 0.134167 0.0133333 0.0123333 0.0153333
0 0.635167 0.410333 0.009 0.00933333
0 0.487333 0.697333 0.00933333 0.012
0 0.339667 0.470167 0.0106667 0.0103333
0 0.536667 0.174 0.00466667 0.00533333
0 0.171667 0.458667 0.00666667 0.00733333
0 0.599667 0.2195 0.004 0.00433333
0 0.5785 0.171333 0.00566667 0.00533333
0 0.765667 0.298667 0.00533333 0.00533333
0 0.343833 0.358667 0.00566667 0.00666667
0 0.7325 0.267833 0.00566667 0.005
0 0.245 0.305333 0.00666667 0.008
0 0.408 0.341 0.006 0.006
0 0.719167 0.181333 0.005 0.00533333
0 0.210833 0.6315 0.00833333 0.00966667
0 0.298833 0.3065 0.00633333 0.00633333
0 0.816833 0.272167 0.00566667 0.00566667
0 0.139667 0.0501667 0.014 0.0103333
0 0.5415 0.242667 0.00566667 0.00666667
0 0.1205 0.334333 0.0223333 0.0186667
0 0.192 0.444833 0.00733333 0.00766667
0 0.689667 0.275333 0.00733333 0.008
0 0.259667 0.657833 0.012 0.0143333
0 0.248833 0.480833 0.0176667 0.0176667
0 0.3505 0.278167 0.0143333 0.0176667
0 0.569167 0.8775 0.013 0.0156667
0 0.2635 0.283667 0.00966667 0.0106667
0 0.481167 0.513 0.023 0.0206667
0 0.0246667 0.136833 0.0206667 0.0183333
0 0.160167 0.282167 0.0163333 0.0163333
0 0.172167 0.321167 0.0216667 0.0176667
