0 0.6575 0.6665 0.00566667 0.00566667
0 0.286333 0.4555 0.00533333 0.00566667
0 0.651167 0.410167 0.00433333 0.00433333
0 0.5575 0.598333 0.00766667 0.008
0 0.322 0.627667 0.00466667 0.00466667
0 0.555 0.418 0.00466667 0.00466667
0 0.544167 0.320667 0.00566667 0.006
0 0.625833 0.571 0.00433333 0.00533333
0 0.574333 0.469167 0.004 0.00433333
0 0.3025 0.0966667 0.0156667 0.0173333
0 0.676833 0.7075 0.00633333 0.00633333
0 0.6965 0.4415 0.00433333 0.00433333
0 0.600333 0.4585 0.00466667 0.00433333
0 0.620333 0.423833 0.00466667 0.00433333
0 0.235667 0.0733333 0.018 0.0173333
0 0.28 0.574667 0.00466667 0.006
0 0.414333 0.678333 0.0106667 0.012
0 0.637167 0.4085 0.005 0.005
0 0.658667 0.488833 0.004 0.00366667
0 0.629667 0.500833 0.00466667 0.00433333
0 0.363167 0.501333 0.005 0.00533333
0 0.271333 0.594 0.00466667 0.00466667
0 0.3955 0.464833 0.007 0.007
0 0.4015 0.284 0.00566667 0.006
0 0.743167 0.5825 0.00766667 0.007
0 0.658333 0.446333 0.00533333 0.006
0 0.625333 0.226667 0.0133333 0.014
0 0.708833 0.565833 0.00566667 0.00566667
0 0.8135 0.476333 0.0136667 0.0106667
0 0.307667 0.624167 0.00666667 0.00633333
0 0.611833 0.367667 0.00433333 0.00466667
0 0.778167 0.381667 0.00833333 0.008
0 0.3085 0.607833 0.00633333 0.00566667
0 0.675 0.495667 0.00666667 0.00666667
0 0.722833 0.4905 0.00433333 0.00433333
0 0.3115 0.422833 0.007 0.00633333
0 0.220167 0.118667 0.0203333 0.0213333
0 0.789333 0.526333 0.006 0.006
0 0.452167 0.6005 0.017 0.0183333
0 0.592167 0.268833 0.013 0.013
0 0.392333 0.309667 0.00866667 0.0146667
0 0.418333 0.362833 0.00933333 0.011
0 0.6575 0.855 0.0156667 0.014
0 0.636167 0.670833 0.0116667 0.0176667
0 0.253333 0.505 0.0146667 0.016
0 0.240167 0.465167 0.015 0.0123333
0 0.457667 0.476667 0.0166667 0.0193333
0 0.298 0.331 0.0186667 0.016
0 0.3015 0.537833 0.0176667 0.015
0 0.4645 0.701 0.0156667 0.0113333
