0 0.590333 0.288833 0.00933333 0.00833333
0 0.651 0.753167 0.01 0.00966667
0 0.711333 0.0793333 0.00733333 0.00733333
0 0.828667 0.164833 0.00733333 0.00766667
0 0.348833 0.0721667 0.00766667 0.009
0 0.341667 0.239833 0.00666667 0.007
0 0.622333 0.175833 0.00533333 0.00566667
0 0.730167 0.343 0.005 0.00533333
0 0.225167 0.358667 0.007 0.00933333
0 0.604333 0.0996667 0.00533333 0.006
0 0.5125 0.376833 0.005 0.00766667
0 0.800667 0.360167 0.00466667 0.005
0 0.8315 0.3565 0.00833333 0.00966667
0 0.602667 0.258167 0.00466667 0.00433333
0 0.713 0.218833 0.006 0.007
0 0.624833 0.430833 0.00566667 0.00566667
0 0.391667 0.4545 0.008 0.00766667
0 0.643667 0.235 0.004 0.00466667
0 0.557167 0.262833 0.005 0.005
0 0.903667 0.236 0.00733333 0.008
0 0.591 0.354333 0.00666667 0.00733333
0 0.303833 0.0208333 0.00633333 0.00633333
0 0.4425 0.121 0.005 0.00466667
0 0.648 0.217333 0.00466667 0.00466667
0 0.509167 0.381 0.00566667 0.006
0 0.743 0.368333 0.006 0.00666667
0 0.672 0.189667 0.006 0.00733333
0 0.616333 0.122333 0.00466667 0.00466667
0 0.24 0.398 0.006 0.00666667
0 0.8085 0.327333 0.00566667 0.006
0 0.552667 0.199167 0.00533333 0.00566667
0 0.5915 0.0938333 0.005 0.00566667
0 0.713 0.174667 0.00466667 0.00466667
0 0.733167 0.0808333 0.00566667 0.00566667
0 0.755333 0.343167 0.006 0.00633333
0 0.418 0.498167 0.00866667 0.009
0 0.316167 0.116667 0.00966667 0.012
0 0.698667 0.310667 0.00533333 0.006
0 0.663667 0.301167 0.00466667 0.005
0 0.187 0.0618333 0.00866667 0.009
0 0.578333 0.287667 0.00533333 0.00533333
0 0.62 0.019 0.006 0.00666667
0 0.451833 0.387 0.00766667 0.00866667
0 0.715 0.5075 0.008 0.0103333
0 0.450667 0.0505 0.00733333 0.00766667
0 0.568333 0.212667 0.00533333 0.006
0 0.6185 0.367 0.005 0.00533333
0 0.6415 0.264833 0.00433333 0.00433333
0 0.590667 0.220667 0.006 0.006
0 0.688 0.1575 0.00466667 0.005
0 0.673667 0.188667 0.00533333 0.006
0 0.570333 0.129833 0.00466667 0.005
0 0.525167 0.201333 0.00566667 0.006
0 0.5105 0.146833 0.00633333 0.00633333
0 0.630667 0.0848333 0.00533333 0.00566667
0 0.730333 0.286667 0.00533333 0.006
0 0.628167 0.201167 0.005 0.005
0 0.656833 0.179667 0.005 0.00533333
0 0.549667 0.3675 0.006 0.00633333
0 0.8245 0.215 0.00766667 0.008
0 0.595667 0.167667 0.006 0.00666667
0 0.691667 0.0623333 0.00666667 0.00666667
0 0.415667 0.1525 0.00733333 0.00766667
0 0.694167 0.633167 0.0156667 0.0156667
0 0.462667 0.516333 0.00866667 0.00933333
0 0.611667 0.160167 0.00466667 0.005
0 0.449667 0.0948333 0.008 0.00833333
0 0.6765 0.125167 0.007 0.007
0 0.720667 0.795833 0.0133333 0.015
0 0.673333 0.244333 0.006 0.00666667
0 0.7585 0.816 0.0183333 0.018
0 0.6365 0.750167 0.0136667 0.0156667
0 0.709333 0.2515 0.00933333 0.011
0 0.331 0.113833 0.0173333 0.011
0 0.380833 0.465333 0.0123333 0.0153333
0 0.292 0.617 0.02 0.0266667
0 0.529 0.321667 0.00933333 0.016
0 0.772333 0.5525 0.02 0.0163333
0 0.744167 0.635833 0.0156667 0.0196667
0 0.389333 0.316667 0.0166667 0.018
0 0.574167 0.521 0.015 0.0213333
