0 0.587 0.827667 0.016 0.0153333
0 0.667667 0.4625 0.0146667 0.015
0 0.625333 0.661667 0.014 0.016
0 0.476333 0.531167 0.0206667 0.0156667
0 0.3185 0.945667 0.0183333 0.0166667
0 0.751167 0.362667 0.0116667 0.0113333
0 0.348 0.536833 0.022 0.0223333
0 0.661667 0.677 0.022 0.0186667
0 0.150167 0.316167 0.021 0.0236667
0 0.227167 0.4675 0.0216667 0.0223333
0 0.361833 0.858 0.013 0.0166667
0 0.374833 0.4315 0.0223333 0.0203333
0 0.0365 0.138167 0.0216667 0.0256667
0 0.464833 0.473167 0.0183333 0.015
0 0.344167 0.5045 0.019 0.0203333
