0 0.632667 0.620500 0.011333 0.010333
0 0.429333 0.712833 0.016667 0.014333
0 0.455167 0.672000 0.013000 0.011333
0 0.433167 0.639667 0.012333 0.012667
0 0.455833 0.639500 0.011667 0.009667
0 0.378167 0.445500 0.009000 0.007667
0 0.366167 0.564667 0.009667 0.006667
0 0.458000 0.524333 0.008667 0.009333
0 0.474833 0.449000 0.008333 0.006667
0 0.518333 0.504500 0.007333 0.009000
0 0.532667 0.507833 0.007333 0.007000
0 0.496833 0.615167 0.013667 0.010333
0 0.544000 0.593000 0.010667 0.010000
0 0.565833 0.541167 0.011667 0.009000
0 0.623333 0.672833 0.010667 0.009667
0 0.725833 0.660667 0.010333 0.011333
0 0.745167 0.672000 0.011000 0.010000
0 0.745167 0.656667 0.015000 0.011333
0 0.809333 0.633500 0.011333 0.010333
0 0.809000 0.590500 0.014667 0.011667
0 0.807500 0.534833 0.015667 0.011667
0 0.834000 0.536667 0.011333 0.010000
0 0.217000 0.225833 0.021333 0.019667
0 0.939333 0.446833 0.024667 0.019000
