0 0.446167 0.394667 0.015000 0.016667
0 0.405500 0.462500 0.011000 0.014333
0 0.367667 0.496500 0.012667 0.011667
0 0.641500 0.362167 0.011000 0.019000
0 0.745500 0.241667 0.014333 0.016000
0 0.624500 0.289000 0.015667 0.012667
0 0.457833 0.139667 0.013667 0.014000
0 0.653000 0.104167 0.016667 0.014333
0 0.423500 0.149000 0.011000 0.014000
0 0.594500 0.778167 0.026333 0.021000
0 0.472167 0.835167 0.013000 0.021667
0 0.490000 0.575333 0.021333 0.020000
0 0.460833 0.604833 0.017000 0.015667
0 0.326500 0.888667 0.011000 0.010667
0 0.398833 0.748667 0.016333 0.019333
0 0.399667 0.720500 0.019333 0.012333
0 0.582000 0.200000 0.008000 0.008000
0 0.416000 0.293167 0.009333 0.007000
0 0.269000 0.388667 0.006000 0.005333
0 0.343167 0.325000 0.005667 0.005333
0 0.504833 0.195167 0.005667 0.007000
0 0.726667 0.337667 0.005333 0.006667
0 0.675333 0.279000 0.008000 0.006667
0 0.500000 0.245000 0.005333 0.005333
0 0.489500 0.252333 0.005667 0.005333
0 0.487833 0.156500 0.005667 0.005667
0 0.531833 0.190000 0.005000 0.006000
0 0.485500 0.227333 0.005667 0.006000
