0 0.693833 0.253000 0.011000 0.009333
0 0.606000 0.311000 0.010000 0.010000
0 0.501167 0.365333 0.010333 0.012000
0 0.462667 0.385833 0.011333 0.012333
0 0.664500 0.375833 0.007667 0.009667
0 0.060333 0.812167 0.010667 0.009000
0 0.014167 0.990333 0.007667 0.009333
0 0.564333 0.783833 0.013333 0.009000
0 0.800833 0.411667 0.009667 0.010000
0 0.705833 0.167000 0.010333 0.010667
0 0.313833 0.202833 0.009667 0.010333
0 0.329000 0.390833 0.008667 0.012333
0 0.319333 0.387500 0.005333 0.009000
0 0.382000 0.514333 0.009333 0.008667
0 0.650333 0.226000 0.008667 0.011333
0 0.656667 0.162333 0.010667 0.012000
0 0.876167 0.952833 0.005667 0.009667
