0 0.456833 0.434167 0.009000 0.009667
0 0.431833 0.462167 0.009667 0.008333
0 0.420000 0.481333 0.011333 0.012667
0 0.404333 0.518000 0.009333 0.008667
0 0.410167 0.358667 0.013667 0.014667
0 0.309833 0.502667 0.009000 0.010000
0 0.561833 0.621667 0.010333 0.009333
0 0.411167 0.626667 0.008333 0.010667
0 0.335833 0.633333 0.008333 0.010000
0 0.449000 0.566833 0.010667 0.013000
0 0.819500 0.642000 0.007667 0.010667
0 0.578000 0.129500 0.008000 0.010333
0 0.590833 0.296500 0.010333 0.009667
0 0.340667 0.232000 0.007333 0.010000
0 0.337000 0.459167 0.007333 0.008333
0 0.422500 0.410833 0.007667 0.007000
0 0.435333 0.722000 0.010000 0.011333
0 0.348667 0.692833 0.007333 0.007667
0 0.727167 0.839333 0.007667 0.008667
0 0.853167 0.354667 0.007000 0.010000
0 0.548333 0.241667 0.008000 0.010667
0 0.610167 0.067667 0.010333 0.008667
0 0.455500 0.289000 0.009667 0.008667
0 0.855333 0.710833 0.009333 0.007667
0 0.710667 0.679000 0.007333 0.006000
0 0.578667 0.518333 0.006000 0.006000
0 0.216667 0.565833 0.012667 0.015000
0 0.143667 0.516833 0.010667 0.009667
0 0.166333 0.546667 0.010000 0.012667
0 0.199167 0.481667 0.012333 0.011333
0 0.290500 0.642167 0.009667 0.011000
0 0.036833 0.471000 0.010333 0.011333
0 0.150833 0.444667 0.007000 0.009333
0 0.581667 0.199833 0.011333 0.009667
0 0.715167 0.596500 0.008333 0.011000
0 0.516000 0.911833 0.007333 0.009000
0 0.512667 0.887333 0.007333 0.006667
0 0.947500 0.662833 0.010333 0.009000
0 0.759000 0.547333 0.009333 0.007333
0 0.839333 0.542667 0.010000 0.007333
0 0.531167 0.827500 0.008333 0.007000
0 0.449500 0.869833 0.007667 0.008333
0 0.514000 0.982333 0.008667 0.006667
0 0.499333 0.848833 0.005333 0.011000
0 0.346167 0.105167 0.007667 0.008333
0 0.719667 0.019500 0.007333 0.009667
0 0.871333 0.074333 0.007333 0.007333
0 0.780500 0.350000 0.007667 0.007333
0 0.600500 0.348667 0.005667 0.012000
0 0.507833 0.276167 0.009667 0.006333
