0 0.645500 0.499667 0.011000 0.012000
0 0.637333 0.468000 0.011333 0.012000
0 0.348667 0.616333 0.008667 0.010667
0 0.391333 0.504167 0.009333 0.013000
0 0.380500 0.471000 0.009000 0.011333
0 0.299000 0.296333 0.014667 0.014000
0 0.290500 0.272500 0.012333 0.011667
0 0.223167 0.261833 0.013000 0.013667
0 0.242833 0.180500 0.012333 0.011000
0 0.356667 0.199833 0.017333 0.014333
0 0.340500 0.144000 0.012333 0.010000
0 0.536333 0.266167 0.018000 0.015667
0 0.457333 0.369000 0.014000 0.014667
0 0.787500 0.263667 0.012333 0.018667
0 0.430333 0.115167 0.014667 0.013000
0 0.417833 0.137167 0.012333 0.013000
0 0.627667 0.596500 0.009333 0.007000
