0 0.492333 0.321167 0.004000 0.004333
0 0.478000 0.392167 0.003333 0.003667
0 0.508500 0.286667 0.003667 0.004667
0 0.437667 0.142667 0.003333 0.005333
0 0.515333 0.105667 0.004000 0.004667
0 0.509833 0.113500 0.003000 0.004333
0 0.505500 0.111667 0.002333 0.003333
0 0.647500 0.053333 0.003000 0.004000
0 0.686833 0.018167 0.006333 0.005667
0 0.719000 0.008667 0.004667 0.004667
0 0.665167 0.042000 0.003667 0.004000
0 0.887833 0.027833 0.003667 0.003000
0 0.840000 0.072500 0.003333 0.005000
0 0.981000 0.142833 0.004000 0.003667
0 0.881333 0.039667 0.002667 0.002667
0 0.887833 0.092167 0.003000 0.003667
0 0.927167 0.063167 0.003667 0.003667
0 0.979833 0.155833 0.004333 0.003667
0 0.844667 0.053500 0.004667 0.005667
0 0.978500 0.104167 0.005000 0.005000
0 0.914167 0.180167 0.005000 0.004333
0 0.911167 0.170667 0.003667 0.003333
0 0.960500 0.201333 0.003667 0.004667
0 0.893167 0.252500 0.005000 0.003000
0 0.950500 0.276333 0.003667 0.004000
0 0.928500 0.300667 0.003667 0.003333
0 0.958167 0.334333 0.004333 0.003333
0 0.844333 0.367833 0.002667 0.005667
0 0.957833 0.389333 0.004333 0.004000
0 0.937000 0.394833 0.002667 0.004333
0 0.940500 0.382167 0.004333 0.003667
0 0.910167 0.404000 0.002333 0.003333
0 0.812833 0.387167 0.003667 0.003000
0 0.846167 0.471500 0.003667 0.004333
0 0.796500 0.469000 0.004333 0.004000
0 0.857000 0.475000 0.004000 0.004667
0 0.880500 0.498333 0.003000 0.006000
0 0.966000 0.489500 0.002667 0.005000
0 0.975833 0.511333 0.003667 0.004667
0 0.962167 0.470167 0.003667 0.004333
0 0.825333 0.493500 0.004000 0.003667
0 0.802333 0.506167 0.002667 0.003667
0 0.805167 0.510667 0.003667 0.004000
0 0.813000 0.525500 0.003333 0.003667
0 0.850667 0.515667 0.003333 0.004000
0 0.867333 0.517833 0.004000 0.003667
0 0.872833 0.532000 0.003667 0.004000
0 0.894833 0.550833 0.005000 0.004333
0 0.808833 0.539500 0.003667 0.003667
0 0.800667 0.531833 0.004000 0.003667
0 0.776000 0.437000 0.004000 0.004667
0 0.782000 0.456000 0.004000 0.004667
0 0.786667 0.466667 0.004000 0.004000
0 0.757833 0.440500 0.004333 0.004333
0 0.767667 0.438500 0.004000 0.004333
0 0.786833 0.401167 0.003667 0.004333
0 0.910000 0.375167 0.004667 0.005000
0 0.848167 0.545167 0.003667 0.004333
0 0.854833 0.545833 0.003667 0.003667
0 0.860500 0.540500 0.003667 0.004333
0 0.834167 0.532667 0.003000 0.004000
0 0.866333 0.539667 0.002667 0.004000
0 0.873167 0.508667 0.003667 0.004667
0 0.880000 0.508667 0.004000 0.004000
0 0.883833 0.516500 0.003000 0.004333
0 0.876333 0.524500 0.003333 0.004333
0 0.788000 0.518000 0.003333 0.004667
0 0.809500 0.518333 0.003667 0.004000
0 0.844000 0.519000 0.004000 0.004667
0 0.842667 0.547833 0.004667 0.003667
0 0.842667 0.554833 0.003333 0.004333
0 0.851667 0.552000 0.003333 0.003333
0 0.785333 0.510500 0.004667 0.003667
0 0.798667 0.544167 0.004667 0.003667
0 0.890500 0.588167 0.005000 0.004333
0 0.874333 0.585000 0.003333 0.004000
0 0.891167 0.572667 0.003000 0.004000
0 0.897500 0.583000 0.003667 0.004000
0 0.878000 0.592500 0.003333 0.004333
0 0.895833 0.598000 0.003667 0.004000
0 0.902167 0.605667 0.004333 0.004000
0 0.907000 0.592000 0.003333 0.004000
0 0.862167 0.489667 0.005000 0.005333
0 0.869667 0.544333 0.002667 0.004000
0 0.922500 0.587167 0.004333 0.005000
0 0.913500 0.599833 0.005667 0.003667
0 0.914333 0.609333 0.005333 0.004000
0 0.956667 0.602500 0.003333 0.004333
0 0.942000 0.614000 0.003333 0.003333
0 0.935333 0.611833 0.002667 0.003667
0 0.936500 0.616833 0.003000 0.003667
0 0.929000 0.616333 0.003333 0.003333
0 0.915333 0.616833 0.003333 0.003667
0 0.904667 0.522667 0.004667 0.004667
0 0.974500 0.757000 0.004333 0.004000
0 0.946500 0.804667 0.004333 0.004000
0 0.837000 0.730333 0.005333 0.004667
0 0.841833 0.740667 0.004333 0.005333
0 0.857667 0.757833 0.004000 0.004333
0 0.835667 0.778167 0.004000 0.004333
0 0.824500 0.783167 0.003667 0.005667
0 0.850833 0.828333 0.005667 0.005333
0 0.829667 0.804333 0.004000 0.004000
0 0.961167 0.957667 0.003000 0.004000
0 0.973500 0.967000 0.003000 0.004000
0 0.741667 0.867833 0.003333 0.003667
0 0.728333 0.864500 0.004000 0.004333
0 0.737500 0.892333 0.003667 0.004667
0 0.661167 0.919500 0.003000 0.004333
0 0.667167 0.935667 0.003667 0.006667
0 0.597500 0.879000 0.003667 0.004667
0 0.602833 0.854000 0.003667 0.004667
0 0.572667 0.942667 0.003333 0.004667
0 0.583000 0.996667 0.003333 0.004667
0 0.543167 0.970333 0.003667 0.004667
0 0.537000 0.923333 0.004000 0.004667
0 0.520833 0.888833 0.003667 0.005000
0 0.742167 0.856333 0.003667 0.004667
0 0.637167 0.870833 0.005000 0.003000
0 0.504500 0.887500 0.004333 0.003667
0 0.449833 0.960500 0.004333 0.004333
0 0.447833 0.977667 0.003000 0.005333
0 0.479500 0.900500 0.003667 0.004333
0 0.316833 0.870167 0.003000 0.003667
0 0.333833 0.866167 0.003667 0.005000
0 0.317333 0.881167 0.004000 0.005000
0 0.316000 0.891833 0.002667 0.004333
0 0.368667 0.948667 0.003333 0.005333
0 0.249000 0.995667 0.004000 0.005333
0 0.210500 0.963000 0.004333 0.004667
0 0.254167 0.949667 0.004333 0.004667
0 0.193833 0.901333 0.005000 0.004667
0 0.227500 0.905333 0.004333 0.004667
0 0.229833 0.868500 0.004333 0.005000
0 0.140667 0.920667 0.004000 0.004000
0 0.028833 0.959333 0.004333 0.004667
0 0.033833 0.945000 0.005667 0.004667
0 0.046500 0.935333 0.005000 0.004667
0 0.057333 0.924667 0.004000 0.004667
0 0.054500 0.937333 0.004333 0.004000
0 0.056000 0.913500 0.004000 0.005000
0 0.059500 0.886500 0.004333 0.005000
0 0.011000 0.901500 0.005333 0.005667
0 0.160333 0.879833 0.004667 0.004333
0 0.177667 0.819667 0.005333 0.004667
0 0.169833 0.688167 0.004333 0.003667
0 0.233000 0.620833 0.004000 0.004333
0 0.238000 0.659000 0.003333 0.004667
0 0.249167 0.640500 0.004333 0.004333
0 0.295833 0.674333 0.003667 0.005333
0 0.296500 0.668500 0.005000 0.003667
0 0.233167 0.588500 0.005000 0.005000
0 0.228000 0.605167 0.003333 0.004333
0 0.208500 0.624500 0.005000 0.005000
0 0.220167 0.571000 0.004333 0.003333
0 0.215333 0.602000 0.003333 0.004667
0 0.258500 0.564667 0.003667 0.004000
0 0.271333 0.564167 0.004667 0.005000
0 0.277500 0.562833 0.005000 0.004333
0 0.252167 0.550500 0.003667 0.003667
0 0.234333 0.557167 0.003333 0.003667
0 0.322667 0.661167 0.006000 0.004333
0 0.301833 0.658667 0.005000 0.004000
0 0.350167 0.573167 0.004333 0.004333
0 0.152500 0.529500 0.004333 0.004333
0 0.152667 0.539333 0.004667 0.004000
0 0.071000 0.574000 0.005333 0.004667
0 0.017500 0.558000 0.005667 0.004000
0 0.199167 0.513667 0.005000 0.004667
0 0.256000 0.449000 0.004000 0.004667
0 0.262667 0.492167 0.004000 0.005000
0 0.252333 0.484667 0.004667 0.004000
0 0.093500 0.466167 0.003667 0.004333
0 0.085167 0.487333 0.003667 0.004000
0 0.087167 0.501833 0.003667 0.003667
0 0.080333 0.508667 0.004000 0.003333
0 0.063167 0.020833 0.003667 0.006333
0 0.030833 0.098000 0.003667 0.003333
0 0.053500 0.145500 0.003000 0.005000
0 0.015667 0.071833 0.002667 0.003667
0 0.082667 0.017333 0.003333 0.004000
0 0.117833 0.155333 0.003000 0.005333
0 0.336333 0.022500 0.003333 0.003667
0 0.347833 0.054167 0.003000 0.004333
0 0.346167 0.071833 0.003000 0.003667
0 0.283167 0.013167 0.002333 0.003667
0 0.410000 0.039500 0.003333 0.004333
0 0.500167 0.009500 0.003667 0.003667
0 0.617833 0.021833 0.003667 0.004333
0 0.673500 0.060333 0.005000 0.004667
0 0.657167 0.110333 0.004333 0.003333
0 0.637833 0.108500 0.003000 0.003000
0 0.636833 0.055500 0.004333 0.003667
0 0.664000 0.017500 0.002667 0.003000
0 0.653667 0.026500 0.002000 0.003000
0 0.632667 0.045333 0.002000 0.003333
0 0.621833 0.055667 0.001667 0.002667
0 0.673833 0.033333 0.003000 0.003333
0 0.674667 0.014667 0.002000 0.002667
0 0.703667 0.011833 0.002667 0.002333
0 0.708667 0.008667 0.002667 0.002667
0 0.679667 0.091000 0.002667 0.002667
0 0.657167 0.070667 0.002333 0.003333
0 0.644833 0.100333 0.002333 0.002667
0 0.652833 0.099500 0.002333 0.003000
0 0.662167 0.102667 0.002333 0.003333
0 0.668167 0.038000 0.002333 0.002667
0 0.814333 0.039833 0.003333 0.003000
0 0.825333 0.001833 0.002000 0.002333
0 0.888667 0.037167 0.002667 0.003000
0 0.874167 0.008667 0.003000 0.002667
0 0.886667 0.012333 0.003333 0.004000
0 0.887000 0.022167 0.004000 0.004333
0 0.869333 0.003500 0.003333 0.003000
0 0.949500 0.169333 0.002333 0.002667
0 0.912500 0.153667 0.002333 0.004000
0 0.990833 0.154167 0.002333 0.002333
0 0.940833 0.213833 0.002333 0.004333
0 0.968833 0.237500 0.003000 0.005000
0 0.902500 0.213833 0.002333 0.004333
0 0.907167 0.252333 0.003667 0.003333
0 0.992833 0.236333 0.003000 0.004000
0 0.950167 0.324167 0.003667 0.004333
0 0.979167 0.334333 0.003667 0.004000
0 0.918833 0.318000 0.004333 0.005333
0 0.969167 0.386333 0.005000 0.003333
0 0.914833 0.406167 0.003000 0.003000
0 0.846500 0.388500 0.002333 0.003000
0 0.888167 0.438167 0.003667 0.004333
0 0.944833 0.391833 0.003000 0.002333
0 0.897333 0.424833 0.002000 0.003000
0 0.910333 0.430167 0.003333 0.003000
0 0.911500 0.391500 0.002333 0.003000
0 0.909500 0.399833 0.003000 0.002333
0 0.900667 0.467833 0.003333 0.003667
0 0.890000 0.464500 0.003333 0.003667
0 0.885667 0.465333 0.002667 0.003333
0 0.866000 0.478833 0.003333 0.003667
0 0.968833 0.468333 0.003000 0.004667
0 0.935333 0.500333 0.005333 0.005333
0 0.918667 0.493333 0.003333 0.004000
0 0.929667 0.540667 0.004000 0.003333
0 0.902167 0.539333 0.003667 0.003333
0 0.962000 0.582667 0.002667 0.004000
0 0.947667 0.742000 0.003333 0.004000
0 0.995000 0.740500 0.004000 0.004333
0 0.880833 0.789167 0.005000 0.005667
0 0.954500 0.823500 0.005667 0.004333
0 0.970333 0.852667 0.004000 0.004667
0 0.828000 0.906667 0.003333 0.004667
0 0.768833 0.969167 0.003000 0.004333
0 0.722667 0.959333 0.003333 0.004000
0 0.698333 0.959833 0.004000 0.003000
0 0.688667 0.994833 0.004000 0.004333
0 0.694000 0.992000 0.003333 0.003333
0 0.647333 0.956333 0.003333 0.004000
0 0.673167 0.983667 0.003667 0.004667
0 0.538000 0.958333 0.002667 0.004000
0 0.457833 0.987167 0.003000 0.003667
0 0.466500 0.960000 0.003667 0.004667
0 0.345167 0.912833 0.003000 0.003667
0 0.335167 0.966667 0.003667 0.003333
0 0.334333 0.974500 0.003333 0.003667
0 0.415500 0.920333 0.003667 0.004000
0 0.238000 0.924667 0.004667 0.004000
0 0.015500 0.958167 0.004333 0.003667
0 0.030833 0.913000 0.003667 0.003333
0 0.139333 0.844333 0.004667 0.003333
0 0.079167 0.842000 0.005000 0.003333
0 0.049833 0.740167 0.005000 0.005000
0 0.018167 0.743833 0.003000 0.003667
0 0.045500 0.665833 0.005000 0.004333
0 0.154500 0.572333 0.005000 0.004000
0 0.145000 0.516000 0.004667 0.004000
0 0.180000 0.537667 0.004000 0.005333
0 0.172500 0.573833 0.003000 0.003000
0 0.317667 0.594833 0.002667 0.005667
0 0.320833 0.595667 0.002333 0.005333
0 0.314333 0.621333 0.003333 0.004667
0 0.305333 0.635500 0.003333 0.003667
0 0.312167 0.632833 0.003000 0.003667
0 0.300333 0.642167 0.003333 0.005000
0 0.331167 0.670500 0.004333 0.005000
0 0.285333 0.686500 0.004000 0.004333
0 0.230500 0.668500 0.003000 0.003000
0 0.312500 0.731000 0.005000 0.004000
0 0.323833 0.734667 0.003667 0.004667
0 0.290167 0.720167 0.005667 0.005667
0 0.329833 0.705167 0.004333 0.004333
0 0.343333 0.727333 0.004000 0.004667
0 0.334500 0.654000 0.004333 0.003333
0 0.305833 0.648667 0.005000 0.003333
0 0.282667 0.730333 0.004000 0.004000
0 0.312167 0.739167 0.004333 0.003667
0 0.342000 0.709500 0.004667 0.006333
0 0.293833 0.748000 0.005000 0.004000
0 0.289500 0.748000 0.003667 0.004000
0 0.317833 0.748000 0.002333 0.003333
0 0.306500 0.748667 0.004333 0.003333
0 0.289000 0.744167 0.004667 0.003000
0 0.381167 0.755333 0.003000 0.004000
0 0.384667 0.779667 0.003333 0.004667
0 0.396667 0.689333 0.004000 0.004667
0 0.380833 0.663500 0.004333 0.005667
0 0.388833 0.681167 0.005667 0.003667
0 0.416000 0.645833 0.003333 0.005667
0 0.424833 0.682333 0.003000 0.004000
0 0.423833 0.656833 0.003667 0.004333
0 0.327667 0.602167 0.002667 0.004333
0 0.414000 0.621167 0.004000 0.003000
0 0.463833 0.590500 0.004333 0.002333
0 0.411333 0.587333 0.002667 0.004000
0 0.440333 0.706333 0.003333 0.004000
0 0.367833 0.741667 0.003667 0.003333
0 0.407333 0.685667 0.002667 0.003333
0 0.394667 0.746500 0.002000 0.005000
0 0.449333 0.603000 0.002667 0.002667
0 0.486500 0.592500 0.003000 0.003000
0 0.453000 0.559667 0.002667 0.003333
0 0.479167 0.508500 0.003667 0.003000
0 0.512167 0.518500 0.004333 0.003667
0 0.487833 0.532667 0.005000 0.002667
0 0.502000 0.479833 0.003333 0.003667
0 0.489000 0.453333 0.003333 0.004000
0 0.567833 0.428500 0.003000 0.003000
0 0.541500 0.489000 0.002333 0.003333
0 0.597833 0.499667 0.004333 0.004000
0 0.612500 0.490667 0.003667 0.004000
0 0.612000 0.518667 0.004000 0.004667
0 0.622500 0.514333 0.003667 0.004667
0 0.619167 0.543333 0.003667 0.003333
0 0.645167 0.490333 0.003667 0.003333
0 0.576000 0.572000 0.002667 0.003333
0 0.563333 0.567833 0.003333 0.003000
0 0.631833 0.566667 0.003000 0.003333
0 0.620667 0.621167 0.002667 0.003667
0 0.680500 0.578667 0.003667 0.004000
0 0.674667 0.529833 0.004000 0.003667
0 0.653500 0.463667 0.005000 0.002667
0 0.689000 0.473667 0.003333 0.004000
0 0.718667 0.478833 0.004000 0.003667
0 0.596667 0.434000 0.004667 0.003333
0 0.615833 0.458333 0.003000 0.004000
0 0.620333 0.423167 0.003333 0.003667
0 0.620333 0.435000 0.003333 0.002667
0 0.606333 0.410667 0.003333 0.002667
0 0.679500 0.404667 0.004333 0.004000
0 0.702333 0.396167 0.004000 0.003667
0 0.699667 0.391333 0.003333 0.004667
0 0.650167 0.389667 0.005000 0.003333
0 0.645833 0.417167 0.005000 0.003000
0 0.724667 0.418167 0.003333 0.005000
0 0.728833 0.411667 0.004333 0.003333
0 0.765833 0.414833 0.003000 0.003667
0 0.636167 0.376000 0.003667 0.004000
0 0.631833 0.384667 0.003667 0.004000
0 0.615667 0.356833 0.003333 0.004333
0 0.784167 0.322667 0.003667 0.003333
0 0.722333 0.380833 0.003333 0.003000
0 0.700333 0.601500 0.002000 0.003000
0 0.673833 0.662333 0.003000 0.004000
0 0.617500 0.675167 0.003000 0.003000
0 0.610333 0.671333 0.002667 0.003333
0 0.688833 0.665167 0.003000 0.003000
0 0.714667 0.651500 0.004000 0.004333
0 0.705000 0.693167 0.004000 0.004333
0 0.710833 0.711500 0.004333 0.005000
0 0.595667 0.706833 0.003333 0.003667
0 0.579500 0.683333 0.005000 0.002667
0 0.709833 0.768833 0.004333 0.005000
0 0.741333 0.785000 0.002667 0.004667
0 0.718833 0.802167 0.002333 0.005000
0 0.730667 0.818000 0.002667 0.004667
0 0.704333 0.817333 0.004000 0.004000
0 0.676333 0.808833 0.004000 0.003667
0 0.680667 0.815167 0.004000 0.003000
0 0.679667 0.809333 0.004000 0.004000
0 0.602333 0.839500 0.003333 0.003667
0 0.616333 0.890167 0.003333 0.005667
0 0.701833 0.849167 0.003000 0.003000
0 0.649833 0.889333 0.003667 0.004000
0 0.658833 0.871167 0.003000 0.004333
0 0.778333 0.709833 0.004667 0.005667
0 0.756167 0.696667 0.003667 0.003333
0 0.774833 0.676667 0.003667 0.004667
0 0.784667 0.674500 0.004000 0.004333
0 0.820000 0.551833 0.004000 0.003667
0 0.826333 0.436833 0.002667 0.003667
0 0.829167 0.326500 0.003000 0.003000
0 0.837000 0.285167 0.003333 0.003667
0 0.833833 0.198667 0.003000 0.004000
0 0.773333 0.241333 0.002667 0.004000
0 0.745000 0.216833 0.004667 0.005000
0 0.798000 0.194000 0.003333 0.005333
0 0.686167 0.290833 0.003000 0.003000
0 0.651333 0.189667 0.002667 0.003333
0 0.665333 0.224167 0.004000 0.003000
0 0.300167 0.358667 0.004333 0.004667
0 0.259167 0.359000 0.005000 0.004667
0 0.147000 0.381500 0.005333 0.005667
0 0.148833 0.348333 0.005000 0.004667
0 0.114833 0.313833 0.004333 0.005667
0 0.194667 0.232667 0.005333 0.005333
0 0.212667 0.275833 0.003333 0.005000
0 0.216667 0.277833 0.004667 0.004333
0 0.241833 0.267333 0.004333 0.005333
0 0.106333 0.284500 0.004667 0.004333
0 0.067167 0.425333 0.003667 0.004000
0 0.194333 0.197833 0.004667 0.005667
0 0.255667 0.199167 0.005333 0.003667
0 0.258667 0.213667 0.004000 0.006000
0 0.281333 0.413000 0.005333 0.005333
0 0.195333 0.324667 0.006000 0.006000
0 0.094833 0.447667 0.005667 0.004667
0 0.040333 0.363333 0.005333 0.007333
0 0.243333 0.603833 0.005333 0.007000
0 0.283167 0.570000 0.004333 0.006000
0 0.303667 0.578500 0.003333 0.005000
0 0.152667 0.704167 0.004000 0.003000
0 0.169500 0.700833 0.005667 0.003667
0 0.285667 0.551000 0.004667 0.004667
0 0.380167 0.423500 0.004333 0.003667
0 0.485167 0.368000 0.003667 0.004000
0 0.641667 0.242667 0.004000 0.004667
0 0.603667 0.242667 0.003333 0.004000
0 0.609333 0.271333 0.004000 0.004000
0 0.561833 0.170167 0.003667 0.003667
0 0.605500 0.156500 0.005000 0.005000
0 0.723500 0.300500 0.003667 0.005667
0 0.242667 0.840167 0.006000 0.004333
0 0.280833 0.799667 0.005000 0.004667
0 0.231500 0.851500 0.004333 0.004333
0 0.575167 0.647000 0.004333 0.003333
0 0.591167 0.635333 0.003667 0.004000
0 0.538000 0.238333 0.003333 0.004000
0 0.503667 0.269333 0.003333 0.003333
0 0.613667 0.260667 0.002667 0.004000
0 0.697000 0.221833 0.004000 0.004333
0 0.703833 0.244167 0.003000 0.005000
0 0.357333 0.158000 0.003333 0.004000
0 0.025000 0.527833 0.004000 0.004333
0 0.116333 0.626000 0.005333 0.004000
0 0.226333 0.566500 0.004000 0.003667
0 0.157667 0.790167 0.004667 0.003667
0 0.440833 0.773333 0.005000 0.005333
0 0.372833 0.481333 0.005000 0.004667
0 0.499333 0.291167 0.004000 0.005667
