0 0.641333 0.525500 0.016000 0.021000
0 0.538333 0.581000 0.014667 0.020000
0 0.597833 0.478833 0.013000 0.013000
0 0.645667 0.498667 0.010667 0.013333
0 0.720000 0.504000 0.014000 0.010667
0 0.722500 0.514000 0.015667 0.011333
0 0.693167 0.461667 0.009000 0.015333
0 0.678667 0.449333 0.012000 0.014667
0 0.689000 0.377667 0.012000 0.012667
0 0.680500 0.385667 0.011667 0.012667
0 0.676500 0.422167 0.012333 0.012333
0 0.601000 0.601500 0.012000 0.017000
0 0.649500 0.724667 0.014333 0.019333
0 0.473667 0.769833 0.018667 0.019000
0 0.577333 0.833167 0.015333 0.017000
0 0.618167 0.825333 0.015000 0.018667
0 0.554000 0.893833 0.015333 0.020333
0 0.478000 0.628000 0.016000 0.018667
0 0.406000 0.548667 0.010000 0.016667
0 0.356500 0.564333 0.011000 0.012667
0 0.326833 0.510167 0.010333 0.012333
0 0.475000 0.324667 0.015333 0.011333
0 0.568000 0.293167 0.014000 0.014333
0 0.607833 0.311000 0.017000 0.015333
0 0.597000 0.319000 0.012000 0.012000
0 0.580333 0.272667 0.020667 0.017333
0 0.598500 0.070833 0.015667 0.013000
0 0.728333 0.156333 0.019333 0.017333
0 0.646333 0.208833 0.012000 0.017000
0 0.547667 0.029833 0.011333 0.017667
0 0.573000 0.652167 0.016000 0.013667
0 0.470333 0.721833 0.014667 0.015667
0 0.390333 0.625167 0.009333 0.015667
0 0.411833 0.763000 0.013000 0.021333
0 0.800500 0.228500 0.009000 0.014333
0 0.817333 0.144333 0.020667 0.017333
0 0.706333 0.602667 0.013333 0.012667
