0 0.364667 0.477000 0.008667 0.010667
0 0.319833 0.336167 0.011000 0.008333
0 0.421667 0.294500 0.010667 0.005667
0 0.215667 0.430000 0.007333 0.008667
0 0.251500 0.706000 0.009667 0.007333
0 0.283500 0.773000 0.008333 0.010667
0 0.289500 0.690833 0.008333 0.011667
0 0.459500 0.369167 0.005667 0.007000
0 0.465167 0.361333 0.005667 0.006000
0 0.924000 0.558667 0.003333 0.007333
0 0.917833 0.505833 0.007000 0.005667
0 0.954667 0.618667 0.008000 0.006667
0 0.981333 0.603167 0.006667 0.005667
0 0.927667 0.346833 0.006000 0.005000
0 0.903500 0.252333 0.007667 0.006000
0 0.770667 0.496333 0.005333 0.006000
0 0.900833 0.640500 0.006333 0.003667
0 0.940667 0.470500 0.006667 0.008333
0 0.971167 0.078500 0.005667 0.007667
0 0.181833 0.439667 0.006333 0.008000
0 0.191667 0.635167 0.006667 0.006333
0 0.305167 0.736333 0.007667 0.006000
0 0.222167 0.748333 0.007000 0.010000
0 0.660000 0.523333 0.006000 0.006667
0 0.596333 0.749500 0.006667 0.007000
0 0.661833 0.769167 0.006333 0.007667
0 0.920333 0.432667 0.006667 0.008667
0 0.864000 0.338333 0.004667 0.008000
0 0.842667 0.170000 0.004667 0.006000
0 0.222833 0.105833 0.005667 0.005000
0 0.009500 0.062667 0.009000 0.007333
0 0.178167 0.720833 0.006333 0.005667
0 0.510667 0.556500 0.005333 0.008333
0 0.553833 0.612667 0.009000 0.005333
0 0.533500 0.619000 0.007000 0.005333
0 0.561333 0.642333 0.008667 0.009333
0 0.974667 0.455833 0.008000 0.005667
0 0.925333 0.651167 0.008000 0.004333
0 0.333333 0.922833 0.007333 0.006333
0 0.834667 0.482500 0.004667 0.007000
0 0.083500 0.034833 0.011000 0.007667
0 0.830667 0.606167 0.007333 0.007000
0 0.414167 0.959000 0.007000 0.006667
0 0.478833 0.721500 0.010333 0.010333
