0 0.691500 0.485667 0.023667 0.019333
0 0.811667 0.489333 0.015333 0.012667
0 0.787500 0.566167 0.017000 0.009667
0 0.770167 0.586667 0.016333 0.015333
0 0.582667 0.511167 0.018667 0.009000
0 0.633500 0.536667 0.011667 0.016667
0 0.522167 0.535667 0.015667 0.015333
0 0.678167 0.624167 0.007667 0.008333
0 0.402667 0.577833 0.016667 0.017667
0 0.380833 0.495167 0.017000 0.011667
0 0.393667 0.491167 0.012667 0.015000
0 0.401667 0.321333 0.020000 0.012000
0 0.693500 0.313333 0.020333 0.017333
0 0.729500 0.335167 0.015667 0.015000
0 0.649667 0.251667 0.016667 0.008667
0 0.421500 0.193500 0.011667 0.010333
0 0.502667 0.116333 0.011333 0.007333
0 0.586833 0.116833 0.011667 0.013667
0 0.692500 0.164333 0.013000 0.010000
0 0.701833 0.144333 0.012333 0.016000
0 0.706500 0.229833 0.013000 0.011667
0 0.733333 0.396000 0.013333 0.014000
0 0.711333 0.741667 0.013333 0.014667
0 0.694000 0.758333 0.014000 0.010000
0 0.592500 0.854500 0.018333 0.015000
0 0.549000 0.831500 0.010000 0.013667
0 0.452667 0.817667 0.019333 0.020000
0 0.531667 0.373833 0.014667 0.020333
0 0.129833 0.464667 0.018333 0.014000
0 0.145167 0.603167 0.021000 0.016333
0 0.035000 0.686833 0.022000 0.023667
0 0.020667 0.653667 0.014667 0.021333
0 0.039333 0.555500 0.016000 0.019667
0 0.057500 0.520000 0.016333 0.017333
0 0.017000 0.421000 0.018000 0.016667
0 0.123500 0.290333 0.017000 0.015333
0 0.218667 0.036667 0.016667 0.024000
0 0.629333 0.876667 0.015333 0.016667
0 0.123833 0.908167 0.015667 0.019667
0 0.178000 0.845000 0.012000 0.012000
0 0.200167 0.779833 0.008333 0.013000
0 0.157833 0.810333 0.015667 0.017333
