0 0.571333 0.371333 0.010000 0.010000
0 0.599167 0.453167 0.015667 0.016333
0 0.605667 0.481333 0.013333 0.018000
0 0.691167 0.573167 0.014333 0.013667
0 0.692500 0.516667 0.012333 0.016667
0 0.615833 0.560167 0.013000 0.025000
0 0.514167 0.341000 0.015000 0.015333
0 0.393333 0.194000 0.013333 0.009333
0 0.136333 0.617667 0.025333 0.025333
0 0.132167 0.702833 0.022333 0.027667
0 0.381333 0.647667 0.035333 0.032000
0 0.341500 0.951000 0.026333 0.025333
0 0.038500 0.330833 0.030333 0.031667
0 0.204333 0.281000 0.028667 0.038000
0 0.728500 0.905167 0.031667 0.035000
0 0.723167 0.947667 0.036333 0.022667
0 0.496000 0.283833 0.024000 0.025667
