0 0.148833 0.187833 0.006333 0.007000
0 0.246167 0.347333 0.008333 0.008000
0 0.779833 0.170667 0.007667 0.007333
0 0.614167 0.328833 0.007000 0.005667
0 0.518500 0.380167 0.008333 0.008333
0 0.455833 0.382500 0.007000 0.007667
0 0.178333 0.671333 0.006000 0.006000
0 0.282500 0.826333 0.006333 0.006000
0 0.363667 0.779833 0.005333 0.009000
0 0.602833 0.785333 0.007000 0.009333
0 0.499667 0.686333 0.007333 0.006667
0 0.534500 0.699167 0.007000 0.007667
0 0.434333 0.522833 0.008000 0.009667
0 0.844500 0.369833 0.007000 0.005000
0 0.835000 0.401667 0.006667 0.008000
0 0.761667 0.245333 0.007333 0.006667
0 0.188833 0.455167 0.005667 0.007667
0 0.054833 0.832667 0.005667 0.006000
0 0.059833 0.818833 0.005667 0.007000
0 0.062500 0.788667 0.007667 0.004667
0 0.042167 0.719000 0.005000 0.005333
0 0.241000 0.568000 0.005333 0.006000
0 0.323833 0.681500 0.006333 0.007000
0 0.276667 0.444667 0.004667 0.008667
0 0.651833 0.253167 0.007667 0.006333
0 0.700167 0.425333 0.005000 0.006667
0 0.670333 0.421500 0.007333 0.007000
0 0.608500 0.519167 0.007667 0.007667
0 0.497833 0.422333 0.009000 0.009333
0 0.632500 0.692000 0.007000 0.006000
0 0.616667 0.654667 0.006000 0.008667
0 0.624000 0.673167 0.008000 0.007000
0 0.782500 0.899500 0.008333 0.006333
0 0.629000 0.607833 0.006667 0.007000
0 0.450667 0.903833 0.007333 0.009667
0 0.468333 0.466833 0.006667 0.007667
0 0.449833 0.414000 0.006333 0.006667
0 0.769167 0.156000 0.007667 0.008000
0 0.902000 0.317833 0.006667 0.007000
0 0.856333 0.385000 0.007333 0.008000
0 0.868167 0.210667 0.007667 0.007333
0 0.927167 0.406000 0.005667 0.006667
0 0.941167 0.429667 0.005667 0.004667
0 0.892500 0.510833 0.005000 0.005667
0 0.618167 0.498167 0.005667 0.007667
0 0.580500 0.684000 0.006333 0.007333
0 0.390667 0.289667 0.006000 0.010667
0 0.811167 0.327333 0.007000 0.006000
0 0.683333 0.882000 0.006000 0.006000
0 0.685833 0.674000 0.005667 0.007333
0 0.708333 0.671167 0.006000 0.007667
0 0.259500 0.864500 0.007667 0.006333
0 0.460667 0.222833 0.007333 0.007667
0 0.617167 0.250167 0.005667 0.005667
0 0.806333 0.152000 0.007333 0.007333
0 0.868167 0.395333 0.005667 0.008667
0 0.706000 0.705333 0.006000 0.007333
0 0.715333 0.697500 0.007333 0.005667
0 0.836333 0.800500 0.008000 0.007667
0 0.887833 0.128333 0.008333 0.010000
0 0.867333 0.152167 0.007333 0.008333
0 0.924333 0.143833 0.008000 0.009000
0 0.853667 0.081333 0.008000 0.010000
0 0.870500 0.077500 0.008333 0.008333
0 0.938333 0.136833 0.007333 0.009000
0 0.848500 0.122000 0.011667 0.008000
0 0.933500 0.091833 0.009000 0.008333
0 0.944000 0.152167 0.005333 0.006333
0 0.928167 0.152667 0.007667 0.007333
0 0.880167 0.158167 0.006333 0.007667
0 0.865167 0.036333 0.006333 0.010000
0 0.867500 0.063333 0.007000 0.009333
0 0.810833 0.022000 0.007667 0.006667
0 0.772833 0.007667 0.005000 0.008667
0 0.953167 0.153833 0.005667 0.005667
0 0.140833 0.890167 0.009667 0.009667
0 0.082500 0.890667 0.009000 0.008000
0 0.031833 0.942833 0.006333 0.009000
0 0.093500 0.946333 0.009667 0.008667
0 0.807500 0.008000 0.007667 0.006667
0 0.787667 0.004333 0.006667 0.006000
0 0.807333 0.272000 0.006667 0.008000
0 0.966667 0.116667 0.004667 0.010000
0 0.110667 0.687167 0.007333 0.006333
