0 0.586167 0.583333 0.023000 0.021333
0 0.654000 0.475667 0.019333 0.021333
0 0.628500 0.514667 0.019667 0.018000
0 0.607000 0.441667 0.018000 0.017333
0 0.569000 0.392500 0.018000 0.021000
0 0.562167 0.450667 0.016333 0.016000
0 0.521333 0.520000 0.014000 0.018667
0 0.512333 0.422333 0.023333 0.015333
0 0.465167 0.530500 0.017000 0.019667
0 0.442500 0.493667 0.021000 0.013333
0 0.398167 0.513000 0.017667 0.017333
0 0.388333 0.607167 0.016667 0.014333
0 0.500333 0.511333 0.016667 0.021333
0 0.321833 0.641333 0.019000 0.017333
0 0.380667 0.638667 0.013333 0.019333
0 0.363167 0.688667 0.015000 0.014000
0 0.368667 0.741500 0.016000 0.013667
0 0.381500 0.806333 0.014333 0.014000
0 0.457000 0.815500 0.018000 0.020333
0 0.394167 0.781167 0.015000 0.017667
0 0.435333 0.778167 0.017333 0.017000
0 0.494000 0.743167 0.020000 0.015000
0 0.495833 0.784333 0.017000 0.020000
0 0.479000 0.815500 0.014667 0.012333
0 0.542833 0.744500 0.014333 0.014333
0 0.579167 0.733833 0.019000 0.019000
0 0.514833 0.781000 0.015000 0.012667
0 0.323500 0.710167 0.016333 0.021667
0 0.561000 0.669667 0.017333 0.019333
0 0.256667 0.617000 0.016667 0.015333
0 0.261167 0.666833 0.018333 0.025667
0 0.322167 0.581667 0.021000 0.019333
0 0.219500 0.569833 0.016333 0.013667
0 0.214833 0.536500 0.015667 0.016333
0 0.219333 0.585333 0.014000 0.017333
0 0.218667 0.438500 0.018667 0.015000
0 0.242000 0.427667 0.017333 0.017333
0 0.289833 0.382667 0.025000 0.024667
0 0.228833 0.333500 0.017667 0.018333
0 0.177167 0.310833 0.017000 0.018333
0 0.197333 0.264167 0.013333 0.017000
0 0.407333 0.272167 0.022000 0.021667
0 0.099333 0.186000 0.018667 0.025333
0 0.204167 0.203500 0.011000 0.015000
0 0.205500 0.103167 0.025667 0.018333
0 0.443333 0.228500 0.021333 0.017667
0 0.351333 0.119500 0.020667 0.015667
0 0.363500 0.009333 0.021000 0.018000
0 0.503500 0.094667 0.026333 0.022000
0 0.614667 0.217833 0.022000 0.021000
0 0.676667 0.020167 0.013333 0.018333
0 0.685333 0.018500 0.011333 0.018333
0 0.724167 0.051167 0.011667 0.013667
0 0.775000 0.159333 0.010667 0.015333
0 0.690000 0.108167 0.009333 0.009667
0 0.677333 0.342500 0.020000 0.019667
0 0.297833 0.441667 0.025000 0.024000
0 0.170833 0.036333 0.015667 0.018000
