0 0.599667 0.668667 0.017333 0.014000
0 0.424000 0.684500 0.018000 0.018333
0 0.437667 0.778833 0.016000 0.017000
0 0.587000 0.782500 0.015333 0.017667
0 0.588000 0.875833 0.017333 0.022333
0 0.691167 0.972333 0.019000 0.022000
0 0.505167 0.416000 0.016333 0.017333
0 0.583333 0.489167 0.019333 0.014333
0 0.383667 0.465833 0.025333 0.023667
0 0.415833 0.392167 0.017000 0.019667
0 0.333333 0.261333 0.017333 0.021333
0 0.389167 0.259833 0.019667 0.021000
0 0.369833 0.318667 0.017000 0.017333
0 0.113167 0.167333 0.013667 0.015333
0 0.204500 0.101500 0.011000 0.010333
0 0.328333 0.009667 0.017333 0.010000
0 0.181833 0.433333 0.005000 0.006000
0 0.123500 0.329333 0.005667 0.005333
0 0.244667 0.576000 0.007333 0.009333
0 0.132500 0.639167 0.016333 0.021000
0 0.237167 0.551500 0.021000 0.021000
0 0.295333 0.865167 0.016667 0.013667
0 0.196000 0.831667 0.012000 0.014667
0 0.198000 0.844333 0.017333 0.016000
0 0.262667 0.821167 0.024667 0.015667
0 0.368167 0.739667 0.007667 0.006667
0 0.295500 0.696000 0.010333 0.008667
0 0.636667 0.228333 0.011333 0.012667
0 0.676000 0.165500 0.018667 0.012333
0 0.742667 0.174167 0.018000 0.014333
0 0.655667 0.360500 0.012667 0.011000
0 0.665000 0.893500 0.017333 0.021667
0 0.783167 0.714333 0.018333 0.014667
0 0.749333 0.641167 0.015333 0.020333
0 0.391333 0.019000 0.013333 0.009333
0 0.653500 0.104500 0.005667 0.005667
0 0.773333 0.563500 0.019333 0.024333
0 0.173667 0.257833 0.025333 0.024333
0 0.016833 0.474167 0.031667 0.031000
