0 0.658333 0.454833 0.019333 0.014333
0 0.705167 0.432833 0.013667 0.014333
0 0.537167 0.499000 0.010333 0.012000
0 0.596500 0.507500 0.009000 0.015000
0 0.611167 0.517167 0.017667 0.017000
0 0.560333 0.573667 0.011333 0.016000
0 0.476667 0.502500 0.016667 0.013667
0 0.576667 0.377667 0.011333 0.014667
0 0.485000 0.388667 0.019333 0.013333
0 0.694333 0.350667 0.010667 0.013333
0 0.373167 0.301500 0.012333 0.010333
0 0.387000 0.323333 0.009333 0.010000
0 0.385667 0.331167 0.010667 0.010333
0 0.362667 0.349667 0.013333 0.011333
0 0.355833 0.339333 0.009667 0.012000
0 0.338500 0.235833 0.012333 0.010333
0 0.381500 0.222500 0.013000 0.015000
0 0.398167 0.262167 0.014333 0.012333
0 0.406833 0.485667 0.012333 0.011333
0 0.393667 0.467833 0.010000 0.011000
0 0.338833 0.572167 0.015667 0.013667
0 0.434500 0.585500 0.013667 0.014333
0 0.431167 0.656833 0.012333 0.013667
0 0.592000 0.689500 0.010667 0.013667
0 0.574333 0.735000 0.015333 0.012667
0 0.565333 0.825667 0.008667 0.013333
0 0.490000 0.814500 0.011333 0.010333
0 0.422500 0.776500 0.011667 0.013000
0 0.358667 0.804667 0.011333 0.015333
0 0.382333 0.840000 0.017333 0.018000
0 0.604000 0.923000 0.010667 0.012000
0 0.531000 0.982833 0.016667 0.017667
0 0.455000 0.189833 0.011333 0.013000
0 0.060667 0.419167 0.018000 0.012333
0 0.092333 0.543667 0.015333 0.013333
0 0.659833 0.268667 0.016333 0.014667
0 0.438333 0.082667 0.014667 0.015333
0 0.116167 0.171667 0.017667 0.016000
0 0.598000 0.334500 0.012000 0.012333
0 0.647833 0.281833 0.013667 0.012333
0 0.061500 0.551667 0.017667 0.012000
0 0.679500 0.309000 0.012333 0.011333
0 0.155000 0.383000 0.017333 0.016000
