0 0.147167 0.475500 0.010333 0.014333
0 0.261500 0.651833 0.008333 0.013000
0 0.212833 0.743000 0.008333 0.009333
0 0.172167 0.876333 0.009667 0.009333
0 0.134500 0.062000 0.009667 0.009333
0 0.400500 0.194333 0.013000 0.009333
0 0.421000 0.477167 0.008000 0.011000
0 0.141000 0.107167 0.008667 0.007667
0 0.432833 0.625667 0.011000 0.010667
0 0.675167 0.579833 0.008333 0.007667
0 0.093000 0.877333 0.006667 0.008000
0 0.354000 0.834167 0.005333 0.009000
0 0.667333 0.675167 0.007333 0.004333
0 0.953833 0.890000 0.008333 0.010000
0 0.168833 0.564667 0.011667 0.011333
0 0.276333 0.672000 0.008000 0.009333
0 0.135500 0.766000 0.009000 0.010000
0 0.270000 0.300667 0.005333 0.005333
0 0.092000 0.366833 0.006000 0.005667
0 0.577833 0.186833 0.011667 0.007000
0 0.843167 0.760333 0.005667 0.006000
0 0.668000 0.064500 0.004667 0.007667
0 0.528833 0.040833 0.011667 0.014333
0 0.372667 0.140333 0.011333 0.010000
0 0.524833 0.433500 0.014333 0.009667
0 0.252833 0.175167 0.012333 0.013667
