0 0.516000 0.554000 0.013333 0.014667
0 0.539000 0.590000 0.008000 0.009333
0 0.487000 0.446667 0.011333 0.013333
0 0.490000 0.418500 0.008667 0.012333
0 0.415000 0.404833 0.014000 0.012333
0 0.422333 0.446167 0.012000 0.015000
0 0.461167 0.491833 0.012333 0.012333
0 0.447167 0.498167 0.016333 0.011000
0 0.461667 0.552667 0.014667 0.012000
0 0.456333 0.527167 0.016667 0.016333
0 0.385167 0.549333 0.014333 0.017333
0 0.496833 0.618000 0.015000 0.014667
0 0.565333 0.635500 0.010667 0.011667
0 0.579500 0.760167 0.012333 0.014333
0 0.561167 0.740500 0.007667 0.007667
0 0.562667 0.769167 0.014000 0.013667
0 0.581000 0.786167 0.016667 0.019667
0 0.659333 0.850333 0.016000 0.018000
0 0.590000 0.743833 0.008667 0.009000
0 0.485500 0.006500 0.013000 0.012333
0 0.391000 0.081833 0.018667 0.022333
0 0.404000 0.148667 0.014000 0.018667
0 0.427167 0.191167 0.013000 0.016333
0 0.453333 0.234500 0.018667 0.015667
0 0.400833 0.287167 0.015667 0.013667
0 0.315667 0.291667 0.013333 0.010000
0 0.324000 0.341167 0.006667 0.007000
0 0.255167 0.378000 0.020333 0.018667
0 0.299167 0.317167 0.013667 0.012333
0 0.290333 0.305333 0.014667 0.010667
0 0.376667 0.426000 0.016000 0.011333
0 0.396667 0.427333 0.007333 0.008000
0 0.390333 0.500667 0.012667 0.014667
0 0.380833 0.496500 0.015000 0.019000
0 0.360167 0.504500 0.027667 0.015667
0 0.340333 0.538000 0.016667 0.012667
0 0.357000 0.524333 0.016667 0.016667
0 0.297667 0.448667 0.018000 0.026000
0 0.273667 0.316000 0.020667 0.016000
0 0.469333 0.593667 0.012667 0.013333
0 0.478500 0.556500 0.009000 0.011667
0 0.212667 0.298333 0.020667 0.020000
0 0.294167 0.230333 0.013000 0.014667
