0 0.613667 0.454833 0.012000 0.017000
0 0.591167 0.252000 0.015667 0.018000
0 0.227167 0.062333 0.017667 0.016667
0 0.081833 0.111833 0.027000 0.024333
0 0.146500 0.129500 0.029000 0.026333
0 0.117500 0.229667 0.018333 0.023333
0 0.377000 0.247000 0.013333 0.016000
0 0.307167 0.638667 0.011000 0.016000
0 0.189667 0.742500 0.015333 0.015667
0 0.242667 0.692667 0.014000 0.017333
0 0.243667 0.650000 0.018000 0.015333
0 0.167833 0.635167 0.019000 0.019667
0 0.169000 0.572167 0.020667 0.014333
0 0.593167 0.589500 0.010333 0.013667
0 0.553667 0.672833 0.015333 0.013000
0 0.681333 0.324000 0.019333 0.019333
0 0.573333 0.753333 0.012000 0.013333
0 0.297833 0.946333 0.019000 0.018667
0 0.325500 0.973000 0.018333 0.016000
0 0.185333 0.853000 0.014667 0.016000
0 0.202167 0.922667 0.019000 0.018000
0 0.324167 0.923833 0.015667 0.014333
0 0.255833 0.531000 0.018333 0.024000
0 0.140167 0.321667 0.016333 0.015333
0 0.721000 0.288167 0.011333 0.009667
0 0.361000 0.845833 0.013333 0.016333
0 0.097833 0.815167 0.015667 0.014333
0 0.398833 0.962333 0.013667 0.016000
