0 0.514333 0.373167 0.014000 0.016333
0 0.625833 0.482500 0.011667 0.017667
0 0.654000 0.513333 0.012000 0.014667
0 0.470833 0.516000 0.018333 0.020000
0 0.443500 0.482500 0.017000 0.013000
0 0.626167 0.778000 0.015667 0.016667
0 0.650333 0.808500 0.015333 0.019000
0 0.558333 0.845000 0.016667 0.017333
0 0.434667 0.965333 0.013333 0.020667
0 0.597333 0.972833 0.014667 0.015000
0 0.370333 0.934833 0.006000 0.008333
0 0.214833 0.697500 0.017000 0.013667
0 0.222333 0.683667 0.013333 0.014667
0 0.378000 0.405000 0.016667 0.016000
0 0.265833 0.425833 0.006333 0.008333
0 0.305167 0.323833 0.016333 0.014333
0 0.343667 0.371333 0.008667 0.009333
0 0.422333 0.295000 0.006667 0.008000
0 0.466000 0.232000 0.010000 0.011333
0 0.518833 0.244167 0.015667 0.013000
0 0.635167 0.313833 0.010333 0.007667
0 0.501500 0.155500 0.014333 0.018333
0 0.648167 0.105333 0.019000 0.016000
0 0.241333 0.303333 0.007333 0.007333
0 0.480167 0.807667 0.007000 0.008000
0 0.548333 0.560833 0.007333 0.007667
0 0.616833 0.673167 0.005667 0.007000
0 0.791667 0.377333 0.015333 0.015333
0 0.569000 0.206500 0.008667 0.005667
0 0.567500 0.219500 0.005667 0.006333
0 0.496000 0.530333 0.010000 0.010667
0 0.540167 0.655667 0.006333 0.008000
