0 0.211167 0.649833 0.015667 0.012333
0 0.117333 0.642500 0.011333 0.008333
0 0.523667 0.579000 0.011333 0.010667
0 0.534500 0.657667 0.008333 0.005333
0 0.670167 0.649000 0.005667 0.008667
0 0.657000 0.649333 0.005333 0.006667
0 0.648667 0.635833 0.007333 0.007667
0 0.671000 0.627167 0.010000 0.009667
0 0.743000 0.360167 0.009333 0.010333
0 0.804333 0.316500 0.009333 0.010333
0 0.777333 0.271667 0.009333 0.006000
0 0.662000 0.266500 0.008667 0.009000
0 0.681167 0.329500 0.011000 0.010333
0 0.588167 0.312167 0.007667 0.007000
0 0.813333 0.838000 0.010667 0.011333
0 0.833500 0.814333 0.010333 0.008000
0 0.865333 0.843667 0.009333 0.008667
0 0.707833 0.840333 0.009000 0.007333
0 0.948833 0.563167 0.007667 0.013667
0 0.744667 0.578500 0.007333 0.013667
0 0.745667 0.559667 0.010667 0.010667
0 0.618333 0.477167 0.008667 0.009000
0 0.413833 0.333667 0.011000 0.007333
0 0.288500 0.383333 0.011000 0.009333
0 0.443667 0.756000 0.012000 0.008667
0 0.363667 0.886167 0.007333 0.005000
0 0.365833 0.846167 0.006333 0.005000
0 0.349667 0.815167 0.007333 0.006333
0 0.289667 0.814000 0.004667 0.004000
0 0.398000 0.814333 0.005333 0.006000
0 0.882833 0.416500 0.006333 0.010333
0 0.882500 0.396500 0.012333 0.013667
0 0.311833 0.481333 0.011667 0.005333
0 0.407500 0.519000 0.006333 0.008000
0 0.410167 0.547333 0.007000 0.008667
0 0.571333 0.600333 0.008667 0.008667
0 0.456333 0.656333 0.008000 0.009333
0 0.154667 0.042167 0.010667 0.013000
0 0.230500 0.132167 0.007667 0.006333
0 0.239333 0.132833 0.008000 0.008333
0 0.307667 0.031333 0.008000 0.009333
0 0.139500 0.340833 0.007667 0.006333
0 0.075000 0.406500 0.008000 0.007667
0 0.066167 0.499000 0.013000 0.011333
0 0.689833 0.946667 0.009000 0.010000
0 0.783333 0.913000 0.008667 0.010000
0 0.765333 0.735333 0.009333 0.009333
0 0.776167 0.497833 0.009000 0.011667
0 0.900500 0.650167 0.008333 0.007667
0 0.946333 0.469667 0.008000 0.010000
0 0.900167 0.688667 0.009667 0.007333
0 0.355167 0.145500 0.007000 0.007667
0 0.765000 0.080667 0.010000 0.008000
0 0.758167 0.067833 0.008333 0.009000
0 0.543833 0.092000 0.011000 0.007333
0 0.786833 0.034500 0.007667 0.011000
0 0.786167 0.067833 0.007000 0.011000
0 0.716833 0.515833 0.007667 0.008333
0 0.943667 0.292000 0.006667 0.006000
0 0.713500 0.209333 0.009667 0.013333
0 0.769833 0.195500 0.006333 0.009667
0 0.814167 0.858000 0.003667 0.004667
0 0.810000 0.852667 0.004000 0.007333
0 0.944333 0.668667 0.004667 0.004667
