0 0.502833 0.409833 0.021000 0.017667
0 0.532333 0.568500 0.018667 0.021667
0 0.277667 0.429167 0.018000 0.015000
0 0.195333 0.471833 0.016000 0.014333
0 0.329167 0.202333 0.017000 0.016000
0 0.265333 0.161000 0.015333 0.019333
0 0.864000 0.284667 0.015333 0.014000
0 0.938333 0.427000 0.018000 0.015333
0 0.747000 0.515000 0.016000 0.012000
0 0.945167 0.481000 0.012333 0.014667
0 0.244000 0.758667 0.015333 0.018000
0 0.100667 0.726500 0.016667 0.015667
0 0.073167 0.735167 0.017667 0.021000
0 0.350833 0.842000 0.021000 0.018000
0 0.487833 0.811333 0.019667 0.020667
0 0.261833 0.880500 0.015000 0.008333
0 0.261833 0.896167 0.011000 0.014333
0 0.288667 0.912833 0.017333 0.011667
0 0.976000 0.697333 0.010667 0.014000
0 0.165667 0.877167 0.013333 0.008333
0 0.704500 0.100000 0.005000 0.011333
0 0.724000 0.114167 0.010667 0.013000
0 0.208000 0.986833 0.014667 0.015667
0 0.264500 0.752500 0.011000 0.011000
0 0.557833 0.329333 0.006333 0.006667
