0 0.618500 0.397833 0.018333 0.023000
0 0.697000 0.445000 0.016667 0.012000
0 0.709667 0.472000 0.010667 0.020000
0 0.636000 0.483333 0.019333 0.021333
0 0.568333 0.484667 0.026667 0.027333
0 0.576667 0.416000 0.016667 0.022667
0 0.591500 0.370333 0.015667 0.016667
0 0.450833 0.335667 0.024333 0.022000
0 0.250333 0.274833 0.020667 0.017000
0 0.207500 0.264000 0.017000 0.019333
0 0.153000 0.472667 0.025333 0.019333
0 0.146500 0.411667 0.024333 0.017333
0 0.224833 0.727000 0.024333 0.021333
0 0.417167 0.782667 0.025000 0.021333
0 0.514333 0.726500 0.027333 0.029667
0 0.414667 0.593667 0.018667 0.022000
0 0.440833 0.445500 0.028333 0.021000
0 0.667167 0.729000 0.032333 0.028000
0 0.369667 0.942833 0.023333 0.026333
0 0.233833 0.840333 0.018333 0.017333
0 0.272667 0.869500 0.022667 0.021667
0 0.318833 0.766667 0.009667 0.016667
0 0.870000 0.627667 0.031333 0.025333
