0 0.416000 0.381000 0.028667 0.036667
0 0.695333 0.343667 0.022667 0.023333
0 0.752500 0.391000 0.013667 0.015333
0 0.446500 0.710667 0.024333 0.030667
0 0.316000 0.734000 0.018667 0.018667
0 0.527833 0.751667 0.009667 0.008667
0 0.411500 0.736167 0.008333 0.007000
0 0.250167 0.607167 0.015667 0.013667
0 0.245167 0.510167 0.011000 0.019667
0 0.259000 0.502000 0.006667 0.008000
0 0.166833 0.598167 0.007667 0.007667
0 0.225833 0.478167 0.007667 0.008333
0 0.505667 0.428500 0.020000 0.020333
0 0.662833 0.482667 0.009000 0.008000
0 0.641000 0.606000 0.010000 0.009333
0 0.244833 0.656500 0.006333 0.006333
0 0.556833 0.064000 0.009000 0.005333
0 0.667000 0.240667 0.008000 0.007333
