0 0.354167 0.693667 0.023667 0.022667
0 0.370000 0.724833 0.022667 0.023667
0 0.390000 0.770167 0.022000 0.024333
0 0.742667 0.621000 0.019333 0.016000
0 0.695000 0.331833 0.016667 0.016333
0 0.829167 0.384667 0.017000 0.016667
0 0.372333 0.260167 0.012667 0.012333
0 0.256000 0.052833 0.012000 0.019000
0 0.084333 0.140167 0.006000 0.007667
0 0.157000 0.606667 0.012667 0.014000
0 0.344333 0.287333 0.006000 0.006000
0 0.332333 0.322000 0.004667 0.004667
0 0.330000 0.193167 0.005333 0.005667
0 0.250333 0.304333 0.004667 0.005333
0 0.351500 0.125167 0.006333 0.006333
0 0.312667 0.447167 0.005333 0.007000
0 0.271667 0.952333 0.008000 0.008000
0 0.226000 0.944000 0.007333 0.008000
0 0.304333 0.573833 0.014667 0.017000
0 0.271333 0.252000 0.004667 0.005333
0 0.314667 0.297167 0.006000 0.006333
0 0.130333 0.220333 0.005333 0.006000
