0 0.406500 0.562000 0.011000 0.020667
0 0.380667 0.598500 0.014667 0.013667
0 0.338667 0.611500 0.014000 0.013667
0 0.558000 0.555167 0.011333 0.013000
0 0.544667 0.635333 0.010000 0.013333
0 0.507000 0.676833 0.009333 0.009667
0 0.524667 0.516167 0.009333 0.010333
0 0.536167 0.478333 0.015000 0.016667
0 0.345333 0.410833 0.012000 0.009667
0 0.436000 0.419667 0.012000 0.018667
0 0.317333 0.473667 0.016000 0.016000
0 0.254500 0.492167 0.017000 0.011667
0 0.295167 0.475833 0.015667 0.021667
0 0.469500 0.355333 0.005667 0.008667
0 0.461333 0.357500 0.010000 0.013667
0 0.569667 0.140167 0.014667 0.015000
0 0.257667 0.222333 0.015333 0.014667
0 0.641667 0.128333 0.018000 0.014667
0 0.382667 0.748500 0.016667 0.015667
0 0.261833 0.917333 0.018333 0.020000
0 0.294333 0.914333 0.022667 0.024000
0 0.318833 0.905500 0.017667 0.019000
0 0.474833 0.967500 0.020333 0.022333
0 0.475000 0.800000 0.022667 0.020667
0 0.411500 0.821000 0.027667 0.019333
0 0.437000 0.735667 0.020000 0.022000
0 0.024000 0.385833 0.028000 0.027000
0 0.008333 0.172833 0.016000 0.023667
0 0.037667 0.788667 0.026000 0.022667
0 0.012000 0.792333 0.022000 0.018667
0 0.022500 0.824167 0.027000 0.027000
0 0.509500 0.908167 0.025000 0.042333
0 0.200667 0.490833 0.018667 0.031667
0 0.023000 0.495667 0.026000 0.026667
0 0.126500 0.777333 0.014333 0.010667
0 0.048167 0.274000 0.031667 0.021333
