0 0.693167 0.386500 0.006333 0.007000
0 0.689833 0.390833 0.004333 0.005000
0 0.699500 0.402000 0.005667 0.006000
0 0.709500 0.385500 0.005000 0.005667
0 0.724333 0.409333 0.004000 0.005333
0 0.652333 0.305333 0.004667 0.006667
0 0.650333 0.320000 0.004667 0.005333
0 0.644167 0.243500 0.004333 0.004333
0 0.743000 0.229833 0.005333 0.006333
0 0.540000 0.163500 0.006667 0.007000
0 0.602333 0.288667 0.006000 0.004667
0 0.485000 0.298167 0.006667 0.006333
0 0.470667 0.282833 0.006000 0.005667
0 0.458333 0.386833 0.004667 0.005667
0 0.428667 0.427833 0.005333 0.005667
0 0.428833 0.446500 0.005667 0.006333
0 0.418167 0.512167 0.005667 0.009667
0 0.443667 0.508667 0.008667 0.008667
0 0.454667 0.527167 0.004667 0.005667
0 0.553667 0.493167 0.005333 0.005667
0 0.570167 0.477667 0.006333 0.004667
0 0.569667 0.535500 0.007333 0.005667
0 0.443000 0.560833 0.006000 0.005000
0 0.435500 0.539833 0.004333 0.006333
0 0.419167 0.575500 0.008333 0.007667
0 0.391000 0.547500 0.004667 0.005667
0 0.498667 0.643667 0.006000 0.006667
0 0.465167 0.690500 0.007667 0.004333
0 0.481167 0.649000 0.005667 0.005333
0 0.535500 0.700667 0.005667 0.005333
0 0.570167 0.706833 0.005667 0.005667
0 0.620333 0.724500 0.004667 0.006333
0 0.632500 0.812000 0.004333 0.005333
0 0.536833 0.779167 0.004333 0.005667
0 0.552167 0.899167 0.005000 0.006333
0 0.595667 0.867000 0.006667 0.006000
0 0.610667 0.911167 0.005333 0.005000
0 0.342500 0.921167 0.005000 0.007000
0 0.414167 0.928333 0.005667 0.006667
0 0.344333 0.977000 0.006000 0.006000
0 0.293833 0.955500 0.004333 0.006333
0 0.220333 0.906333 0.006000 0.006000
0 0.286500 0.857000 0.006333 0.006667
0 0.296500 0.877167 0.005000 0.006333
0 0.204500 0.920167 0.006333 0.006333
0 0.169000 0.941167 0.005333 0.005667
0 0.050500 0.908000 0.005000 0.006000
0 0.100667 0.881500 0.005333 0.005000
0 0.080167 0.810333 0.007000 0.008667
0 0.032000 0.786333 0.005333 0.006667
0 0.057500 0.770667 0.005000 0.006000
0 0.094333 0.725500 0.004667 0.007000
0 0.085333 0.704500 0.008000 0.005667
0 0.059000 0.677500 0.006000 0.007667
0 0.111500 0.602000 0.004333 0.004667
0 0.053667 0.515833 0.005333 0.007667
0 0.002833 0.515333 0.005000 0.004667
0 0.132333 0.500333 0.005333 0.004000
0 0.191167 0.504833 0.005000 0.007667
0 0.004833 0.450333 0.005667 0.006000
0 0.048000 0.353333 0.007333 0.006667
0 0.015500 0.338333 0.005667 0.006000
0 0.066667 0.272167 0.005333 0.004333
0 0.070167 0.230667 0.005667 0.007333
0 0.075667 0.198500 0.005333 0.005000
0 0.015167 0.174167 0.005667 0.006333
0 0.236500 0.056500 0.007000 0.006333
0 0.256833 0.066333 0.005667 0.006000
0 0.274500 0.036833 0.007000 0.005000
0 0.285667 0.017333 0.007333 0.006667
0 0.315667 0.015000 0.006000 0.009333
0 0.293333 0.056000 0.009333 0.005333
0 0.195333 0.057500 0.004000 0.005000
0 0.253167 0.004167 0.005667 0.005667
0 0.257333 0.013167 0.005333 0.006333
0 0.238333 0.027167 0.004667 0.005667
0 0.200167 0.006167 0.005000 0.005667
0 0.217667 0.006333 0.004667 0.008667
0 0.278833 0.076500 0.005000 0.005000
0 0.262667 0.076833 0.005333 0.004333
0 0.237500 0.073333 0.005000 0.004667
0 0.398000 0.056000 0.004667 0.007333
0 0.402333 0.039333 0.006000 0.006000
0 0.409333 0.025500 0.004000 0.008333
0 0.440000 0.040167 0.006000 0.005667
0 0.351667 0.163833 0.008667 0.005667
0 0.242500 0.258500 0.007000 0.005000
0 0.323833 0.273833 0.004333 0.006333
0 0.319167 0.313833 0.005667 0.004333
0 0.252333 0.356833 0.005333 0.005667
0 0.350000 0.245667 0.005333 0.006000
0 0.291667 0.249167 0.003333 0.007000
0 0.242667 0.307833 0.004667 0.005667
0 0.350500 0.204167 0.006333 0.007000
0 0.425500 0.220667 0.006333 0.004000
0 0.308500 0.218500 0.006333 0.006333
0 0.553667 0.068667 0.003333 0.007333
0 0.595000 0.086333 0.005333 0.006000
0 0.733167 0.057000 0.003667 0.006667
0 0.743000 0.065333 0.004000 0.004667
0 0.751167 0.103500 0.003667 0.006333
0 0.768833 0.089667 0.006333 0.006000
0 0.786667 0.148000 0.004000 0.005333
0 0.795667 0.150333 0.004667 0.004667
0 0.925000 0.054333 0.004667 0.006000
0 0.951167 0.115000 0.005000 0.005333
0 0.850500 0.267500 0.004333 0.005000
0 0.873000 0.211333 0.004000 0.006000
0 0.946000 0.283000 0.004667 0.004667
0 0.833833 0.344667 0.005667 0.006000
0 0.980500 0.304000 0.006333 0.004667
0 0.985000 0.354000 0.005333 0.005333
0 0.928833 0.338333 0.005000 0.004667
0 0.839667 0.313833 0.004667 0.005000
0 0.900667 0.456833 0.004667 0.007000
0 0.958333 0.520667 0.004000 0.005333
0 0.907167 0.591833 0.004333 0.006333
0 0.924333 0.591000 0.005333 0.004667
0 0.782000 0.594167 0.005333 0.005000
0 0.780167 0.598500 0.004333 0.005667
0 0.982667 0.690500 0.005333 0.005667
0 0.921000 0.691000 0.004667 0.004667
0 0.882667 0.651167 0.004667 0.005000
0 0.904500 0.638833 0.004333 0.005000
0 0.920667 0.622833 0.005333 0.005000
0 0.933167 0.609667 0.003667 0.006000
0 0.899667 0.609167 0.005333 0.005000
0 0.975833 0.563333 0.003667 0.004667
0 0.993667 0.536167 0.004667 0.004333
0 0.972833 0.526833 0.005667 0.004333
0 0.876333 0.572833 0.003333 0.005000
0 0.854167 0.645500 0.003667 0.005000
0 0.834167 0.724167 0.005000 0.005000
0 0.813333 0.723167 0.004667 0.004333
0 0.995333 0.704167 0.004000 0.005667
0 0.997500 0.853000 0.003667 0.006667
0 0.946333 0.835333 0.004000 0.005333
0 0.729667 0.682167 0.004667 0.005667
0 0.739167 0.671833 0.005000 0.008333
0 0.695667 0.677167 0.006000 0.008333
0 0.680000 0.668167 0.005333 0.007667
0 0.692833 0.580833 0.005000 0.004333
0 0.549833 0.735167 0.004333 0.005667
0 0.435167 0.719500 0.005667 0.006333
0 0.425833 0.799667 0.005000 0.006000
0 0.451000 0.772000 0.006000 0.004667
0 0.440333 0.789167 0.004000 0.005000
0 0.430167 0.798167 0.003667 0.006333
0 0.321333 0.675167 0.004667 0.005667
0 0.364500 0.624833 0.005667 0.005667
0 0.411500 0.647833 0.006333 0.006333
0 0.342000 0.690167 0.006000 0.008333
0 0.256167 0.677833 0.006333 0.005000
0 0.389833 0.652167 0.004333 0.007667
0 0.430333 0.646167 0.004667 0.005000
0 0.424833 0.655500 0.004333 0.005000
0 0.384667 0.592833 0.004000 0.006333
0 0.421000 0.459500 0.007333 0.005667
0 0.482833 0.487500 0.003000 0.005667
0 0.380500 0.478667 0.005000 0.005333
0 0.373833 0.472667 0.005000 0.006000
0 0.371000 0.475833 0.003333 0.005000
0 0.529500 0.457167 0.006333 0.005000
0 0.431167 0.395667 0.004333 0.006000
0 0.455833 0.396000 0.003667 0.005333
0 0.484667 0.346167 0.004667 0.005000
0 0.439833 0.333000 0.007000 0.006667
0 0.413500 0.322667 0.005000 0.006000
0 0.573500 0.422667 0.005667 0.008000
0 0.631667 0.427333 0.005333 0.006000
0 0.655333 0.445167 0.007333 0.006333
0 0.378500 0.150500 0.005000 0.005000
0 0.413000 0.269333 0.004667 0.005333
0 0.368167 0.515833 0.004333 0.004333
0 0.226833 0.654167 0.003000 0.004333
0 0.288000 0.696000 0.004000 0.004000
0 0.035333 0.835333 0.006000 0.004667
0 0.059833 0.343000 0.006333 0.004667
0 0.422333 0.111833 0.004000 0.005667
0 0.542667 0.772000 0.004667 0.005333
0 0.517000 0.753000 0.003333 0.005333
0 0.670500 0.527500 0.004333 0.005000
0 0.670667 0.539000 0.004667 0.004667
0 0.697333 0.558167 0.004667 0.005000
0 0.734667 0.520167 0.006667 0.006333
0 0.126667 0.313667 0.004667 0.006000
0 0.026833 0.525500 0.005000 0.005667
0 0.025000 0.566833 0.004667 0.004333
0 0.244833 0.633333 0.003667 0.004667
0 0.509000 0.472667 0.005333 0.004000
0 0.450833 0.585667 0.003667 0.004667
0 0.380333 0.520500 0.004667 0.004333
0 0.664333 0.157000 0.004000 0.004667
0 0.925167 0.025000 0.004333 0.004000
0 0.889333 0.059500 0.005333 0.005667
0 0.911333 0.297000 0.003333 0.004667
0 0.942500 0.314667 0.003667 0.005333
0 0.952000 0.696833 0.004667 0.007000
0 0.832167 0.655833 0.003667 0.004333
0 0.914167 0.678000 0.007000 0.004667
0 0.799167 0.683833 0.005000 0.004333
0 0.695000 0.611333 0.005333 0.005333
0 0.712833 0.658667 0.006333 0.006667
0 0.670167 0.663500 0.005000 0.005000
0 0.623167 0.888500 0.003667 0.005667
0 0.456000 0.800667 0.004000 0.005333
0 0.411000 0.815333 0.004667 0.006000
0 0.493667 0.534500 0.003333 0.004333
