0 0.306500 0.098000 0.013000 0.019333
0 0.234833 0.115167 0.015000 0.015000
0 0.296500 0.065000 0.013667 0.012000
0 0.484333 0.128000 0.017333 0.010667
0 0.448333 0.064000 0.017333 0.015333
0 0.146167 0.283833 0.018333 0.020333
0 0.040000 0.192667 0.018667 0.013333
0 0.112000 0.390667 0.030667 0.014667
0 0.347667 0.532333 0.014667 0.021333
0 0.403000 0.671167 0.020000 0.023000
0 0.589500 0.549667 0.021000 0.027333
0 0.707667 0.543333 0.019333 0.022000
0 0.643833 0.507000 0.019000 0.020667
0 0.621167 0.825333 0.019000 0.031333
0 0.442333 0.811000 0.016667 0.018000
0 0.502167 0.063500 0.011000 0.011667
0 0.474667 0.054833 0.021333 0.011667
0 0.214000 0.178833 0.012000 0.014333
0 0.257667 0.213333 0.016667 0.014000
0 0.516167 0.425833 0.027667 0.018333
0 0.780167 0.402333 0.030333 0.028667
0 0.394333 0.505667 0.025333 0.028667
0 0.400833 0.374667 0.023667 0.024000
