0 0.224000 0.751500 0.008000 0.007667
0 0.249167 0.678000 0.006333 0.007333
0 0.107333 0.636667 0.006000 0.006667
0 0.150500 0.719000 0.005667 0.006000
0 0.301500 0.645667 0.006333 0.006667
0 0.125500 0.785167 0.007667 0.006333
0 0.210167 0.481000 0.007000 0.006667
0 0.143833 0.519833 0.005667 0.007000
0 0.272167 0.383667 0.006333 0.006667
0 0.326833 0.405000 0.007000 0.007333
0 0.160667 0.449167 0.008667 0.006333
0 0.233333 0.464667 0.008667 0.008667
0 0.480167 0.498000 0.007667 0.006667
0 0.465333 0.590167 0.006667 0.006333
0 0.472667 0.587000 0.005333 0.006000
0 0.507333 0.503333 0.007333 0.005333
0 0.449000 0.330333 0.006667 0.007333
0 0.478500 0.320333 0.008333 0.006000
0 0.460167 0.301000 0.005000 0.004667
0 0.814500 0.303167 0.007667 0.005667
0 0.731500 0.278167 0.007000 0.004333
0 0.738667 0.246667 0.008000 0.006667
0 0.803833 0.253833 0.008333 0.009000
0 0.888333 0.197333 0.004667 0.005333
0 0.846833 0.185833 0.007667 0.006333
0 0.334333 0.098667 0.006667 0.005333
0 0.329000 0.080667 0.005333 0.005333
0 0.398833 0.083333 0.006333 0.007333
0 0.293333 0.182167 0.005333 0.005000
0 0.283000 0.156333 0.008000 0.006000
0 0.331833 0.202500 0.005667 0.007000
0 0.274000 0.260167 0.006667 0.006333
0 0.095167 0.221000 0.007667 0.008667
0 0.085167 0.167833 0.007667 0.007000
0 0.077333 0.128833 0.007333 0.007000
0 0.041333 0.280500 0.006667 0.007000
0 0.020500 0.325500 0.008333 0.007667
0 0.035000 0.507000 0.006000 0.006000
0 0.297667 0.726000 0.006667 0.006667
0 0.511667 0.771500 0.005333 0.006333
0 0.490167 0.796667 0.007000 0.005333
0 0.550167 0.786667 0.006333 0.006667
0 0.563667 0.783500 0.007333 0.007000
0 0.392000 0.025833 0.009333 0.009000
0 0.885000 0.434667 0.005333 0.006667
0 0.879333 0.469667 0.006000 0.007333
0 0.647333 0.622500 0.006667 0.007667
0 0.703000 0.767000 0.008000 0.006667
0 0.910167 0.854000 0.005667 0.007333
0 0.868167 0.974833 0.007667 0.006333
0 0.847000 0.992833 0.007333 0.006333
0 0.204333 0.621500 0.007333 0.007667
0 0.455000 0.756500 0.005333 0.007000
0 0.122833 0.590333 0.003667 0.005333
0 0.183167 0.678000 0.003000 0.006000
0 0.181167 0.692500 0.003667 0.005000
0 0.002500 0.456000 0.003667 0.005333
0 0.153833 0.155167 0.006333 0.006333
0 0.004167 0.133667 0.005000 0.010000
0 0.155833 0.034000 0.004333 0.007333
0 0.261000 0.070167 0.006667 0.005667
0 0.374333 0.008500 0.006000 0.007667
0 0.354333 0.165833 0.005333 0.005000
0 0.490667 0.157333 0.005333 0.004667
0 0.459000 0.185500 0.007333 0.006333
0 0.716667 0.014000 0.005333 0.005333
0 0.779000 0.231667 0.006000 0.007333
0 0.720833 0.237333 0.005667 0.005333
0 0.756667 0.268833 0.004667 0.007667
0 0.665333 0.170833 0.006667 0.005667
0 0.858667 0.587333 0.005333 0.005333
0 0.808000 0.943000 0.005333 0.007333
0 0.683167 0.960333 0.006333 0.008667
0 0.689333 0.766500 0.004000 0.009000
0 0.693833 0.786000 0.006333 0.006667
0 0.700333 0.808333 0.005333 0.006667
0 0.708667 0.800833 0.006667 0.007667
0 0.698167 0.713167 0.004333 0.007000
0 0.687667 0.753667 0.004667 0.006667
0 0.191500 0.969833 0.007000 0.005667
0 0.264167 0.512667 0.006333 0.006000
0 0.111667 0.165833 0.004667 0.006333
0 0.086667 0.151833 0.005333 0.005667
0 0.323000 0.463000 0.005333 0.006667
0 0.384000 0.655333 0.007333 0.006000
0 0.440333 0.769833 0.006000 0.006333
0 0.507000 0.825500 0.006000 0.005667
