0 0.221667 0.126667 0.009333 0.008000
0 0.328000 0.116667 0.010000 0.008000
0 0.414000 0.099667 0.011333 0.008000
0 0.266000 0.222500 0.008000 0.008333
0 0.430333 0.140500 0.010667 0.009000
0 0.410833 0.426833 0.010333 0.012333
0 0.296500 0.272833 0.009000 0.010333
0 0.630667 0.483833 0.010000 0.014333
0 0.620167 0.525833 0.012333 0.009667
0 0.484833 0.521833 0.010333 0.009667
0 0.482167 0.563167 0.009667 0.009667
0 0.546833 0.600500 0.011667 0.011000
0 0.455167 0.645333 0.009000 0.010000
0 0.484500 0.664000 0.009667 0.014667
0 0.601833 0.678833 0.007667 0.008333
0 0.492167 0.791333 0.009000 0.013333
0 0.454333 0.885500 0.004667 0.015000
0 0.079167 0.594333 0.011000 0.009333
0 0.167000 0.515500 0.006000 0.009667
0 0.045667 0.546667 0.009333 0.006000
0 0.117833 0.648500 0.008333 0.010333
0 0.075833 0.758667 0.009000 0.008667
0 0.379000 0.846000 0.009333 0.015333
0 0.501333 0.871667 0.009333 0.008000
0 0.413167 0.972667 0.009667 0.012667
0 0.420667 0.932333 0.011333 0.012000
0 0.336000 0.947667 0.008000 0.013333
0 0.058833 0.537167 0.009000 0.010333
0 0.214833 0.404667 0.007000 0.009333
0 0.906333 0.642833 0.008000 0.009000
0 0.521333 0.944500 0.010000 0.015000
0 0.583333 0.783833 0.010000 0.013667
0 0.075500 0.040833 0.012333 0.014333
0 0.930667 0.179333 0.012667 0.011333
0 0.779000 0.282667 0.011333 0.016000
0 0.058333 0.460667 0.011333 0.009333
