0 0.551167 0.729667 0.010333 0.010667
0 0.561000 0.622000 0.010000 0.012000
0 0.421667 0.703333 0.010667 0.007333
0 0.616500 0.882167 0.009667 0.009000
0 0.638500 0.743333 0.010333 0.010667
0 0.630000 0.781500 0.007333 0.008333
0 0.755833 0.587833 0.007667 0.007667
0 0.682667 0.543833 0.010000 0.007000
0 0.595667 0.857333 0.009333 0.009333
0 0.697500 0.777167 0.008333 0.009667
0 0.119000 0.572333 0.008667 0.005333
0 0.473667 0.910500 0.012667 0.009667
0 0.611667 0.848000 0.008667 0.009333
0 0.721000 0.791000 0.006667 0.008667
0 0.710833 0.822667 0.006333 0.007333
0 0.665333 0.859500 0.007333 0.009667
0 0.435333 0.766500 0.005333 0.010333
0 0.549833 0.543833 0.009667 0.008333
0 0.884833 0.691333 0.008333 0.008000
0 0.365667 0.091167 0.008667 0.006333
0 0.857000 0.279000 0.010000 0.006667
0 0.883667 0.308833 0.007333 0.007667
0 0.985500 0.411000 0.007000 0.009333
0 0.861500 0.329833 0.010333 0.007000
0 0.754833 0.300500 0.010333 0.010333
0 0.586167 0.365667 0.007667 0.008000
0 0.038667 0.432500 0.009333 0.009667
0 0.579167 0.698333 0.012333 0.009333
0 0.622833 0.559333 0.009667 0.010000
0 0.205667 0.151333 0.014000 0.015333
0 0.074500 0.085167 0.011667 0.009667
0 0.222333 0.682333 0.009333 0.010667
0 0.612333 0.917333 0.010000 0.011333
0 0.977167 0.823000 0.009667 0.010667
0 0.509000 0.556667 0.008667 0.008667
0 0.899833 0.190500 0.009000 0.016333
0 0.626000 0.631000 0.007333 0.007333
0 0.976167 0.609000 0.005667 0.008667
0 0.843000 0.490000 0.009333 0.007333
0 0.363000 0.515833 0.008667 0.007667
0 0.092000 0.074500 0.012000 0.009000
0 0.106333 0.155333 0.008000 0.011333
0 0.144667 0.182833 0.009333 0.009000
0 0.213167 0.173667 0.007667 0.014000
0 0.884667 0.119500 0.007333 0.009667
0 0.813000 0.305333 0.009333 0.010000
0 0.858833 0.383167 0.009000 0.009667
0 0.626333 0.817333 0.007333 0.008000
0 0.986833 0.839167 0.008333 0.009000
0 0.572333 0.991000 0.006000 0.007333
0 0.285167 0.903667 0.007667 0.006667
0 0.266833 0.838667 0.006333 0.008667
0 0.261167 0.889667 0.009000 0.007333
0 0.342000 0.837500 0.005333 0.006333
0 0.607500 0.496833 0.005000 0.007667
0 0.384833 0.056000 0.007667 0.008000
0 0.369000 0.031000 0.005333 0.007333
0 0.011833 0.697667 0.007000 0.010000
0 0.202667 0.890833 0.007333 0.008333
0 0.529833 0.250833 0.008333 0.009000
0 0.334333 0.729167 0.009333 0.011667
0 0.661667 0.727500 0.009333 0.010333
0 0.814500 0.023333 0.010333 0.010667
0 0.203333 0.045333 0.009333 0.010000
0 0.280167 0.123000 0.009667 0.009333
0 0.240000 0.098333 0.010667 0.008000
0 0.254333 0.060500 0.008000 0.008333
0 0.434000 0.113667 0.008000 0.010667
0 0.676000 0.109500 0.008000 0.011000
0 0.896000 0.938667 0.009333 0.012667
0 0.133167 0.834000 0.007667 0.008000
0 0.257167 0.268833 0.008333 0.009000
0 0.516667 0.563500 0.009333 0.010333
