0 0.461500 0.452000 0.011000 0.007333
0 0.465333 0.538000 0.009333 0.010667
0 0.492333 0.606667 0.010000 0.010000
0 0.554333 0.570333 0.006667 0.014000
0 0.686667 0.299667 0.010667 0.010000
0 0.392500 0.444167 0.007000 0.009000
0 0.643833 0.521667 0.007667 0.008667
0 0.455333 0.305333 0.007333 0.008667
0 0.385000 0.389667 0.008000 0.007333
0 0.349167 0.649333 0.009667 0.008667
0 0.370000 0.758000 0.010000 0.010667
0 0.286667 0.750667 0.008000 0.011333
0 0.323000 0.815500 0.010000 0.011000
0 0.042667 0.888000 0.011333 0.009333
0 0.074833 0.917333 0.009000 0.010667
0 0.392000 0.872667 0.009333 0.012667
0 0.419000 0.776500 0.007333 0.009000
0 0.433833 0.820500 0.009667 0.010333
0 0.463833 0.774500 0.011000 0.009667
0 0.445167 0.711667 0.008333 0.010000
0 0.506500 0.717167 0.007667 0.009000
0 0.472333 0.925833 0.008000 0.009667
0 0.498333 0.936167 0.007333 0.009667
0 0.332667 0.619333 0.008667 0.009333
0 0.416167 0.980167 0.010333 0.010333
0 0.563500 0.742833 0.009000 0.009000
0 0.539333 0.762333 0.006000 0.008667
0 0.563000 0.873333 0.010000 0.009333
0 0.615667 0.906000 0.007333 0.008000
0 0.637667 0.857333 0.009333 0.006667
0 0.564833 0.985167 0.007667 0.009000
0 0.335167 0.974167 0.010333 0.008333
0 0.773833 0.669833 0.008333 0.008333
0 0.717333 0.655667 0.012000 0.008000
0 0.781833 0.709500 0.007000 0.008333
0 0.699667 0.736000 0.010667 0.010000
0 0.667167 0.745167 0.009667 0.007000
0 0.808500 0.491500 0.007667 0.006333
0 0.469333 0.551667 0.009333 0.009333
0 0.454333 0.228333 0.010667 0.010667
0 0.570333 0.168000 0.006667 0.010667
0 0.215000 0.664000 0.009333 0.006667
