0 0.217833 0.916333 0.026333 0.021333
0 0.224667 0.679667 0.009333 0.014000
0 0.618833 0.647000 0.025000 0.018667
0 0.483667 0.601500 0.016000 0.027667
0 0.810500 0.607000 0.023667 0.019333
0 0.854167 0.565333 0.022333 0.019333
0 0.688167 0.551833 0.026333 0.021667
0 0.611833 0.547333 0.026333 0.030667
0 0.529500 0.526000 0.024333 0.022667
0 0.528333 0.473500 0.018000 0.025000
0 0.460333 0.488500 0.030667 0.025667
0 0.327667 0.347167 0.019333 0.013667
0 0.491667 0.307500 0.020667 0.023667
0 0.795833 0.271167 0.025000 0.028333
0 0.664333 0.192667 0.020000 0.018667
0 0.952833 0.092833 0.018333 0.019000
0 0.909500 0.364667 0.030333 0.026000
