0 0.565333 0.334000 0.016000 0.014667
0 0.593000 0.366000 0.012000 0.016667
0 0.595333 0.439833 0.015333 0.010333
0 0.680500 0.282667 0.013667 0.015333
0 0.414000 0.236667 0.016000 0.018000
0 0.350167 0.380500 0.017000 0.017667
0 0.510167 0.495000 0.014333 0.018000
0 0.573667 0.472500 0.014667 0.012333
0 0.565500 0.495167 0.013000 0.015000
0 0.546333 0.561333 0.012000 0.016000
0 0.465000 0.525500 0.010667 0.014333
0 0.448500 0.523333 0.013000 0.012000
0 0.223000 0.564833 0.022667 0.023000
0 0.255333 0.628833 0.020000 0.016333
0 0.266000 0.576833 0.025333 0.019667
0 0.144667 0.293000 0.032000 0.026000
0 0.270833 0.165667 0.013000 0.016000
0 0.352500 0.184000 0.015000 0.015333
0 0.420167 0.144000 0.011667 0.015333
0 0.408333 0.041167 0.015333 0.018333
0 0.580500 0.164833 0.011000 0.014333
0 0.625667 0.182500 0.013333 0.013000
0 0.540000 0.636167 0.009333 0.013667
0 0.318000 0.844500 0.020667 0.022333
0 0.394833 0.645667 0.017667 0.016667
0 0.485833 0.662500 0.017000 0.015667
0 0.490167 0.738000 0.023000 0.020667
0 0.184833 0.601833 0.029667 0.030333
0 0.288333 0.769667 0.026667 0.019333
