0 0.669500 0.407667 0.011667 0.009333
0 0.661500 0.489167 0.010333 0.013667
0 0.657333 0.566667 0.014000 0.016667
0 0.485667 0.465000 0.006667 0.007333
0 0.536667 0.501667 0.012000 0.015333
0 0.433167 0.423500 0.007667 0.006333
0 0.533000 0.420167 0.016000 0.016333
0 0.416333 0.578167 0.013333 0.009667
0 0.337833 0.548833 0.008333 0.009667
0 0.338833 0.559833 0.011667 0.014333
0 0.397167 0.534500 0.014333 0.013000
0 0.535833 0.830500 0.013667 0.012333
0 0.528667 0.744833 0.016667 0.019667
0 0.557000 0.763833 0.012667 0.013667
0 0.431833 0.766833 0.013667 0.014333
0 0.472500 0.901000 0.013000 0.013333
0 0.428833 0.875667 0.017667 0.020000
0 0.390500 0.810333 0.013667 0.016667
0 0.411000 0.781333 0.014000 0.014667
0 0.410833 0.800500 0.007000 0.005667
0 0.730333 0.494500 0.014667 0.017000
0 0.700833 0.624833 0.011667 0.012333
0 0.717833 0.688167 0.010333 0.015667
0 0.818167 0.943167 0.018333 0.020333
0 0.966167 0.892833 0.021000 0.024333
0 0.791333 0.489500 0.015333 0.011667
0 0.769333 0.054167 0.016667 0.017667
0 0.722833 0.042167 0.013667 0.011667
0 0.688333 0.095000 0.013333 0.014000
0 0.519167 0.084167 0.015000 0.015667
0 0.477333 0.083333 0.014000 0.015333
0 0.501833 0.129333 0.015000 0.013333
0 0.535333 0.187833 0.012000 0.013667
0 0.510500 0.241167 0.014333 0.017000
0 0.600333 0.212333 0.012667 0.015333
0 0.656167 0.277667 0.013667 0.012667
0 0.683333 0.221500 0.009333 0.008333
0 0.392500 0.306000 0.021000 0.016667
0 0.342500 0.081667 0.019000 0.018000
0 0.194833 0.259167 0.023000 0.019000
0 0.296833 0.385500 0.012333 0.017667
0 0.274333 0.024333 0.010667 0.014667
0 0.591167 0.081500 0.009000 0.008333
0 0.309167 0.449167 0.007000 0.005667
0 0.311333 0.466333 0.005333 0.006667
0 0.932833 0.548167 0.013000 0.012333
