0 0.635333 0.403500 0.010000 0.009667
0 0.660167 0.448667 0.010333 0.011333
0 0.633167 0.448833 0.009000 0.011000
0 0.640167 0.550000 0.011000 0.010000
0 0.605667 0.592833 0.007333 0.009667
0 0.580500 0.649500 0.007000 0.009000
0 0.611333 0.641833 0.008000 0.008333
0 0.615000 0.632167 0.006667 0.007667
0 0.629833 0.623000 0.007000 0.008667
0 0.660167 0.623500 0.007000 0.007667
0 0.656333 0.688333 0.006667 0.006000
0 0.658833 0.695167 0.007000 0.007000
0 0.673167 0.675500 0.005667 0.009000
0 0.709833 0.672167 0.005667 0.008333
0 0.786000 0.791167 0.006667 0.009000
0 0.875833 0.786833 0.006333 0.007000
0 0.808000 0.865333 0.006667 0.007333
0 0.913667 0.757833 0.006667 0.007667
0 0.971000 0.636000 0.008000 0.011333
0 0.942833 0.635833 0.011000 0.009000
0 0.731333 0.553333 0.008000 0.008000
0 0.749667 0.537500 0.007333 0.007667
0 0.709667 0.550500 0.008667 0.008333
0 0.692833 0.570333 0.009000 0.006667
0 0.720000 0.570500 0.010000 0.006333
0 0.743167 0.580167 0.008333 0.008333
0 0.753667 0.557167 0.006000 0.008333
0 0.672667 0.575333 0.006667 0.006667
0 0.742167 0.552333 0.007000 0.008667
0 0.735833 0.533667 0.009000 0.008000
0 0.869167 0.748000 0.005667 0.008667
0 0.752333 0.826500 0.006667 0.006333
0 0.828500 0.966667 0.005667 0.008667
0 0.593500 0.979167 0.008333 0.008333
0 0.518333 0.980333 0.008000 0.007333
0 0.489333 0.896667 0.007333 0.008000
0 0.315000 0.845500 0.008000 0.008333
0 0.316333 0.783833 0.007333 0.009667
0 0.263667 0.831333 0.008667 0.006667
0 0.315833 0.813500 0.009667 0.008333
0 0.238500 0.814833 0.006333 0.007000
0 0.183833 0.705333 0.007667 0.008000
0 0.239667 0.655667 0.009333 0.011333
0 0.265167 0.892833 0.007667 0.007667
0 0.287333 0.887833 0.006667 0.007667
0 0.336833 0.893833 0.007667 0.007667
0 0.355000 0.903500 0.008000 0.009000
0 0.348000 0.929667 0.012000 0.008667
0 0.327500 0.931833 0.007667 0.009000
0 0.297333 0.960000 0.010000 0.008667
0 0.385667 0.968500 0.005333 0.009000
0 0.275000 0.977500 0.008000 0.008333
0 0.173833 0.983667 0.007000 0.007333
0 0.114500 0.959000 0.007667 0.006667
0 0.008333 0.747667 0.006667 0.008667
0 0.118167 0.513500 0.007667 0.009667
0 0.200167 0.543667 0.007667 0.008667
0 0.059167 0.538167 0.008333 0.009000
0 0.080000 0.522167 0.008000 0.007000
0 0.263000 0.606333 0.008000 0.007333
0 0.286667 0.566833 0.004667 0.009000
0 0.291667 0.698333 0.005333 0.008667
0 0.126833 0.440000 0.007667 0.008000
0 0.112000 0.422167 0.008667 0.009667
0 0.145333 0.413167 0.006667 0.006333
0 0.116000 0.400167 0.008000 0.008333
0 0.097167 0.386333 0.006333 0.007333
0 0.105833 0.366667 0.006333 0.008667
0 0.146167 0.365667 0.008333 0.007333
0 0.244333 0.374833 0.006000 0.007000
0 0.260500 0.449667 0.007000 0.007333
0 0.139833 0.269833 0.008333 0.009000
0 0.157167 0.241000 0.007000 0.008000
0 0.180667 0.211000 0.006000 0.012000
0 0.352500 0.276167 0.005667 0.007667
0 0.074000 0.202333 0.007333 0.011333
0 0.069000 0.215000 0.006000 0.008000
0 0.022333 0.237500 0.006000 0.005667
0 0.004333 0.239667 0.006000 0.006667
0 0.011500 0.214500 0.010333 0.007667
0 0.003833 0.193500 0.005667 0.006333
0 0.074500 0.147833 0.006333 0.009000
0 0.089833 0.096000 0.007000 0.007333
0 0.099500 0.114333 0.005000 0.008000
0 0.089500 0.124333 0.007000 0.014000
0 0.332000 0.160167 0.006667 0.010333
0 0.289000 0.128000 0.008000 0.009333
0 0.068333 0.113667 0.008000 0.007333
0 0.030000 0.057833 0.007333 0.006333
0 0.113000 0.092000 0.005333 0.006667
0 0.400667 0.110833 0.006000 0.008333
0 0.424667 0.136333 0.009333 0.011333
0 0.452333 0.038667 0.009333 0.009333
0 0.478833 0.025333 0.009000 0.012667
0 0.505833 0.087833 0.007000 0.012333
0 0.508667 0.169000 0.008000 0.007333
0 0.425333 0.185333 0.007333 0.006667
0 0.420667 0.222333 0.006667 0.010000
0 0.513667 0.302667 0.006667 0.008000
0 0.525333 0.205000 0.008000 0.009333
0 0.632000 0.150000 0.009333 0.011333
0 0.633667 0.301167 0.008000 0.009667
0 0.425833 0.409000 0.005667 0.008667
0 0.429500 0.421333 0.005667 0.007333
0 0.570333 0.380000 0.008000 0.010000
0 0.634833 0.341167 0.008333 0.009667
0 0.632500 0.362667 0.009000 0.009333
0 0.599167 0.339333 0.010333 0.010000
0 0.680500 0.257167 0.007667 0.010333
0 0.723333 0.408000 0.006000 0.005333
0 0.759000 0.432167 0.004667 0.006333
0 0.721167 0.430500 0.010333 0.005000
0 0.734333 0.402500 0.005333 0.008333
0 0.669500 0.273333 0.006333 0.006667
0 0.826500 0.221500 0.009000 0.009667
0 0.951333 0.068667 0.007333 0.011333
0 0.973833 0.117333 0.008333 0.009333
0 0.868667 0.290333 0.007333 0.007333
0 0.785167 0.649000 0.006333 0.006000
0 0.478333 0.983667 0.006000 0.007333
0 0.092000 0.787833 0.007333 0.007667
0 0.507000 0.426833 0.008000 0.009000
0 0.442167 0.462667 0.009000 0.008667
0 0.737333 0.937500 0.005333 0.005000
0 0.555167 0.012667 0.007667 0.008000
0 0.773667 0.031167 0.006667 0.007000
0 0.925167 0.217167 0.008333 0.007667
0 0.916167 0.225333 0.007667 0.007333
0 0.887167 0.198500 0.007667 0.008333
0 0.873500 0.405000 0.008333 0.008667
0 0.923167 0.747000 0.006333 0.008000
0 0.770667 0.781833 0.006667 0.007000
0 0.186167 0.762167 0.012333 0.011000
0 0.285167 0.464667 0.007667 0.006000
0 0.598500 0.028500 0.011667 0.012333
0 0.410333 0.758667 0.006667 0.010000
