0 0.589833 0.618500 0.017000 0.015000
0 0.631167 0.591833 0.007000 0.007000
0 0.392167 0.342833 0.015667 0.023667
0 0.292167 0.312667 0.017000 0.014667
0 0.306000 0.502000 0.012667 0.018667
0 0.197167 0.406000 0.016333 0.016667
0 0.228500 0.194000 0.011000 0.012000
0 0.283500 0.194500 0.006333 0.006333
0 0.279000 0.213500 0.007333 0.007000
0 0.493667 0.211500 0.008667 0.015000
0 0.619667 0.162500 0.006000 0.008333
0 0.509000 0.337333 0.006667 0.008000
0 0.657667 0.460333 0.006000 0.008000
0 0.632500 0.483333 0.006333 0.006667
0 0.535000 0.853500 0.016000 0.027667
0 0.602333 0.904667 0.016000 0.014000
0 0.740000 0.955333 0.014667 0.022000
0 0.450500 0.932833 0.011667 0.015667
0 0.666000 0.783167 0.008667 0.025000
0 0.826667 0.724333 0.007333 0.007333
0 0.588500 0.658667 0.006333 0.006667
0 0.525333 0.654833 0.008000 0.007667
0 0.252000 0.304000 0.005333 0.006667
0 0.196833 0.209667 0.005667 0.006000
0 0.313500 0.148000 0.006333 0.007333
0 0.062667 0.153167 0.007333 0.008333
0 0.329000 0.123167 0.016000 0.015667
0 0.328833 0.234167 0.006333 0.007000
0 0.182667 0.572167 0.008000 0.008333
0 0.258000 0.486333 0.006000 0.005333
0 0.349667 0.805833 0.014000 0.025000
0 0.262833 0.892333 0.022333 0.016667
0 0.317833 0.921500 0.007000 0.009667
0 0.483167 0.982667 0.007667 0.008000
0 0.581000 0.828667 0.008000 0.008000
0 0.620000 0.759000 0.006000 0.007333
0 0.572333 0.634500 0.006667 0.005667
0 0.592500 0.428833 0.005667 0.005667
0 0.580833 0.339167 0.006333 0.007000
0 0.514167 0.399500 0.007667 0.006333
0 0.526333 0.403000 0.006000 0.007333
0 0.495167 0.440333 0.006333 0.007333
0 0.508167 0.459667 0.006333 0.007333
0 0.401167 0.413500 0.007667 0.007667
0 0.478000 0.369000 0.006000 0.006000
0 0.381333 0.286500 0.007333 0.006333
0 0.328333 0.361167 0.006000 0.007000
0 0.214833 0.019667 0.009000 0.006667
0 0.923667 0.388833 0.019333 0.021000
0 0.651167 0.291000 0.004333 0.005333
0 0.601000 0.251500 0.004667 0.004333
0 0.619500 0.194833 0.004333 0.005000
0 0.450167 0.279167 0.004333 0.005000
0 0.546000 0.333000 0.004000 0.004667
0 0.444500 0.135167 0.005667 0.005667
0 0.098833 0.166833 0.005667 0.006333
0 0.083833 0.148667 0.005667 0.005333
0 0.085667 0.219667 0.006000 0.004667
0 0.183500 0.291667 0.005000 0.004667
0 0.349500 0.477833 0.004333 0.009000
0 0.238833 0.648167 0.006333 0.014333
0 0.287667 0.607833 0.005333 0.006333
0 0.331167 0.747500 0.006333 0.005667
0 0.460500 0.713833 0.006333 0.005667
0 0.389667 0.878000 0.006000 0.006000
0 0.253000 0.809000 0.005333 0.005333
0 0.261833 0.783833 0.005000 0.005000
0 0.240333 0.856833 0.006000 0.010333
0 0.329167 0.961833 0.004333 0.005667
0 0.482167 0.967333 0.005000 0.005333
