0 0.445833 0.897667 0.015667 0.010000
0 0.328333 0.782667 0.015333 0.012000
0 0.407333 0.842167 0.017333 0.013000
0 0.441500 0.649500 0.009667 0.015000
0 0.414833 0.202500 0.015667 0.017667
0 0.405500 0.371167 0.019667 0.015667
0 0.613833 0.124667 0.011667 0.016667
0 0.909333 0.258500 0.007333 0.013000
0 0.850500 0.215500 0.008333 0.010333
0 0.705000 0.227500 0.006667 0.012333
0 0.004500 0.124500 0.008333 0.010333
0 0.236667 0.967000 0.006000 0.008667
0 0.756833 0.145500 0.005667 0.007000
0 0.832833 0.190500 0.007000 0.008333
0 0.518167 0.760500 0.009667 0.007667
0 0.232000 0.008833 0.005333 0.005000
0 0.316167 0.167667 0.007667 0.008000
0 0.100000 0.355167 0.006000 0.007667
0 0.454000 0.062167 0.006000 0.007667
0 0.257500 0.315167 0.006333 0.005000
0 0.231333 0.306833 0.006000 0.005000
0 0.665167 0.163500 0.005000 0.007667
0 0.953500 0.005500 0.004333 0.005667
0 0.714000 0.075000 0.004667 0.004667
0 0.751833 0.114500 0.003667 0.003667
0 0.482833 0.080333 0.006333 0.006000
0 0.594333 0.575167 0.008667 0.009000
0 0.519000 0.818333 0.004667 0.006000
0 0.463167 0.990000 0.007000 0.006000
0 0.438167 0.981167 0.005000 0.004333
0 0.369500 0.772000 0.005667 0.006667
0 0.172167 0.955500 0.005667 0.008333
0 0.207000 0.894833 0.004667 0.004333
0 0.109833 0.112000 0.021000 0.018667
0 0.230167 0.059000 0.021000 0.022000
0 0.350500 0.399833 0.011000 0.009000
0 0.904167 0.764667 0.011000 0.008667
0 0.922167 0.761833 0.012333 0.009000
0 0.098500 0.457833 0.007667 0.007667
0 0.221333 0.520833 0.008667 0.008333
0 0.310500 0.757667 0.007667 0.012667
