0 0.300167 0.327500 0.010333 0.007667
0 0.210833 0.359167 0.007667 0.007667
0 0.440000 0.310000 0.008667 0.008000
0 0.501333 0.290500 0.008667 0.007000
0 0.513667 0.307000 0.010667 0.008667
0 0.514833 0.271667 0.009000 0.006667
0 0.561833 0.471333 0.007667 0.008667
0 0.457000 0.658833 0.008667 0.011667
0 0.453833 0.731833 0.006333 0.007667
0 0.424167 0.739333 0.006333 0.008667
0 0.499167 0.726667 0.005000 0.005333
0 0.535333 0.806333 0.006000 0.006000
0 0.554167 0.775167 0.004333 0.007667
0 0.549000 0.898667 0.005333 0.010000
0 0.295500 0.480167 0.006333 0.004333
0 0.179167 0.246167 0.007000 0.007667
0 0.196500 0.235500 0.006333 0.008333
0 0.648500 0.209833 0.007000 0.007667
0 0.600167 0.223000 0.006333 0.006000
0 0.604333 0.368000 0.006667 0.008000
0 0.582667 0.612167 0.007333 0.005667
0 0.522333 0.880833 0.006667 0.007667
0 0.458500 0.798667 0.007667 0.006667
0 0.454167 0.803833 0.007667 0.010333
0 0.394000 0.620000 0.010000 0.008667
0 0.473167 0.488000 0.005000 0.005333
0 0.479833 0.618500 0.005000 0.006333
0 0.671833 0.444167 0.007000 0.009000
0 0.583333 0.305500 0.005333 0.007000
0 0.556000 0.403500 0.006667 0.009000
0 0.236500 0.089833 0.007667 0.005667
0 0.192833 0.440500 0.007000 0.007667
0 0.356833 0.819333 0.007000 0.005333
0 0.277167 0.980500 0.006333 0.009667
0 0.424500 0.959667 0.008333 0.004667
0 0.612000 0.632167 0.006000 0.008333
0 0.370833 0.573833 0.009000 0.008333
0 0.465167 0.563000 0.007000 0.006667
0 0.375500 0.394333 0.006333 0.006000
0 0.280000 0.384167 0.006000 0.005000
0 0.390500 0.265500 0.007667 0.007667
0 0.030833 0.049333 0.007000 0.006000
0 0.080000 0.143500 0.006667 0.007667
0 0.363333 0.086667 0.006667 0.004667
0 0.218500 0.135500 0.007000 0.005000
0 0.778333 0.134833 0.006000 0.005000
0 0.747500 0.326167 0.005000 0.006333
0 0.780167 0.357500 0.005667 0.007000
0 0.945167 0.294833 0.007000 0.006333
0 0.780833 0.203167 0.007667 0.005667
0 0.955333 0.471333 0.006000 0.006000
0 0.742500 0.597333 0.005667 0.008667
0 0.610667 0.565333 0.008000 0.009333
0 0.853167 0.849333 0.004333 0.007333
0 0.905833 0.344667 0.005000 0.005333
0 0.987500 0.392500 0.006333 0.004333
0 0.963167 0.415833 0.008333 0.007667
0 0.928167 0.499833 0.008333 0.006333
0 0.613833 0.255000 0.007000 0.010000
0 0.866667 0.444333 0.006667 0.006000
0 0.901667 0.370333 0.006000 0.006000
0 0.901000 0.569833 0.006667 0.009000
0 0.790667 0.535667 0.005333 0.006000
0 0.870333 0.803667 0.006667 0.006000
0 0.518500 0.913500 0.007667 0.009000
0 0.980500 0.531333 0.006333 0.006667
0 0.771667 0.482667 0.005333 0.006000
0 0.704500 0.413000 0.006333 0.007333
0 0.700667 0.459167 0.007333 0.007000
0 0.524000 0.486667 0.009333 0.010000
0 0.482667 0.528000 0.007333 0.008000
0 0.150167 0.537500 0.005667 0.008333
0 0.590333 0.150667 0.006000 0.008667
0 0.509167 0.087833 0.007000 0.005667
0 0.801833 0.249667 0.005667 0.006667
0 0.839333 0.255833 0.006000 0.007667
0 0.865667 0.426333 0.005333 0.007333
0 0.884167 0.462500 0.004333 0.007667
0 0.950333 0.445000 0.009333 0.006667
0 0.891833 0.498500 0.004333 0.007667
0 0.968833 0.492167 0.004333 0.005000
0 0.869000 0.281667 0.004667 0.005333
0 0.819000 0.341833 0.006000 0.004333
0 0.464833 0.385833 0.005667 0.007000
0 0.456667 0.298833 0.007333 0.005667
0 0.141500 0.865833 0.005667 0.004333
0 0.924833 0.439667 0.007000 0.005333
0 0.985333 0.460833 0.006000 0.005000
0 0.803333 0.300000 0.006000 0.004667
0 0.954500 0.316500 0.006333 0.005667
0 0.750000 0.246333 0.004667 0.004667
0 0.554500 0.301833 0.005000 0.005667
0 0.029167 0.770833 0.009000 0.007667
0 0.061833 0.768000 0.007667 0.007333
0 0.046000 0.916500 0.009333 0.007000
0 0.108167 0.888000 0.008333 0.009333
0 0.448333 0.885167 0.007333 0.009000
0 0.327000 0.243833 0.006667 0.009000
0 0.255667 0.126500 0.009333 0.006333
