0 0.078667 0.138833 0.015333 0.015667
0 0.645500 0.282333 0.013667 0.012000
0 0.604333 0.527500 0.029333 0.021667
0 0.538000 0.848333 0.024667 0.018000
0 0.849667 0.856167 0.008667 0.009667
0 0.851833 0.866333 0.008333 0.011333
0 0.679167 0.752167 0.021667 0.019667
0 0.543833 0.583667 0.019667 0.012000
0 0.350000 0.507500 0.024667 0.020333
0 0.341000 0.594000 0.017333 0.026000
0 0.064500 0.415167 0.012333 0.019000
0 0.484667 0.307000 0.022667 0.022000
0 0.605833 0.346000 0.026333 0.030000
0 0.260833 0.220500 0.020333 0.021000
0 0.439167 0.174000 0.020333 0.022667
