0 0.690167 0.524500 0.015000 0.022333
0 0.501167 0.484667 0.014333 0.022000
0 0.504167 0.366833 0.023000 0.013667
0 0.437667 0.530333 0.016000 0.020667
0 0.363000 0.501500 0.015333 0.015000
0 0.348167 0.385000 0.017667 0.016000
0 0.244667 0.404333 0.017333 0.016000
0 0.648167 0.059500 0.011000 0.019667
0 0.636500 0.110000 0.011667 0.019333
0 0.610833 0.163167 0.009667 0.009000
0 0.616833 0.133500 0.007667 0.006333
0 0.601000 0.265333 0.010000 0.009333
0 0.808333 0.298167 0.010667 0.014333
0 0.686833 0.180000 0.007000 0.007333
0 0.582167 0.229500 0.008333 0.006333
0 0.577333 0.211833 0.008000 0.007667
0 0.648333 0.208167 0.007333 0.008333
0 0.658000 0.200000 0.006000 0.007333
0 0.724000 0.343667 0.006667 0.010667
0 0.865500 0.208000 0.005667 0.007333
0 0.829333 0.187500 0.004667 0.007000
0 0.845000 0.083167 0.007333 0.007667
0 0.716667 0.094833 0.006667 0.007000
0 0.743333 0.107667 0.004667 0.005333
0 0.045667 0.401000 0.036000 0.029333
0 0.724833 0.139333 0.005667 0.006000
0 0.796833 0.074667 0.006333 0.006000
0 0.748167 0.085167 0.004333 0.005667
0 0.715167 0.039167 0.004333 0.005000
0 0.301000 0.596833 0.005333 0.005000
0 0.623833 0.364500 0.007000 0.009000
0 0.638833 0.313500 0.007000 0.007667
0 0.806833 0.120833 0.006333 0.007000
0 0.807167 0.131000 0.008333 0.008000
0 0.832333 0.113500 0.004667 0.007667
0 0.766833 0.112667 0.007000 0.007333
0 0.652167 0.172500 0.007667 0.007667
0 0.550833 0.246667 0.009000 0.005333
