0 0.515000 0.597000 0.022000 0.015333
0 0.499500 0.631667 0.014333 0.018000
0 0.498833 0.545833 0.014333 0.016333
0 0.454667 0.548167 0.018667 0.020333
0 0.481667 0.486500 0.017333 0.017000
0 0.507833 0.360500 0.011667 0.019667
0 0.504500 0.302333 0.013667 0.012000
0 0.450000 0.268833 0.012000 0.020333
0 0.399167 0.274667 0.017667 0.016667
0 0.399167 0.311333 0.013667 0.015333
0 0.427333 0.460667 0.026000 0.027333
0 0.419333 0.432833 0.016000 0.021000
0 0.394667 0.453500 0.016667 0.011667
0 0.333000 0.295667 0.016667 0.012667
0 0.329333 0.203333 0.016000 0.016000
0 0.454333 0.112333 0.021333 0.022000
0 0.373833 0.112000 0.014333 0.017333
0 0.309000 0.128333 0.022000 0.016000
0 0.105667 0.299000 0.020000 0.018667
0 0.114667 0.259500 0.017333 0.015667
0 0.227667 0.343167 0.014667 0.015667
0 0.215333 0.354000 0.014667 0.013333
0 0.262333 0.402167 0.016000 0.013667
0 0.070500 0.324167 0.017000 0.015667
0 0.113667 0.495667 0.018000 0.012000
0 0.064667 0.544667 0.019333 0.019333
0 0.043833 0.574500 0.014333 0.021667
0 0.072833 0.593500 0.019000 0.011667
0 0.302167 0.611667 0.017000 0.016000
0 0.250167 0.593000 0.020333 0.018667
0 0.213167 0.608333 0.017667 0.025333
0 0.229500 0.595833 0.017000 0.013000
0 0.201500 0.572500 0.012333 0.011667
0 0.473333 0.709167 0.016667 0.014333
0 0.484667 0.724167 0.014000 0.009000
0 0.310167 0.751667 0.013000 0.015333
0 0.498500 0.766333 0.011000 0.014667
0 0.534000 0.754667 0.012667 0.016667
0 0.166500 0.698167 0.013000 0.020333
0 0.211500 0.855667 0.016333 0.012000
0 0.234000 0.854667 0.014000 0.014000
0 0.234167 0.551167 0.013000 0.019667
0 0.336500 0.052000 0.015667 0.018667
