0 0.488000 0.644000 0.034000 0.037333
0 0.656667 0.586667 0.033333 0.041333
0 0.573667 0.591333 0.033333 0.026000
0 0.366500 0.506500 0.031667 0.027667
0 0.557833 0.429000 0.034333 0.030000
0 0.651333 0.146167 0.032667 0.031667
0 0.826500 0.338333 0.025000 0.030667
0 0.878167 0.712000 0.027667 0.030000
0 0.740333 0.921000 0.022000 0.022000
0 0.761500 0.799333 0.023667 0.026000
0 0.621667 0.827000 0.028667 0.024667
0 0.188833 0.297667 0.031000 0.026000
0 0.262667 0.286333 0.044000 0.039333
0 0.454667 0.491667 0.037333 0.044667
0 0.427667 0.134167 0.029333 0.027667
