0 0.431000 0.484000 0.022000 0.022667
0 0.426500 0.464000 0.021667 0.018000
0 0.486000 0.581000 0.022667 0.021333
0 0.459500 0.514667 0.022333 0.021333
0 0.541500 0.579167 0.024333 0.023667
0 0.604500 0.540000 0.028333 0.025333
0 0.399500 0.683667 0.015000 0.017333
0 0.365333 0.843667 0.010667 0.014000
0 0.481000 0.919667 0.018000 0.019333
0 0.710500 0.877833 0.011667 0.019000
0 0.712167 0.856333 0.016333 0.016667
0 0.781500 0.869167 0.015667 0.015000
0 0.686167 0.806000 0.022333 0.012667
0 0.680000 0.775000 0.014000 0.015333
0 0.638167 0.918667 0.017667 0.014667
0 0.683000 0.947667 0.012000 0.016667
0 0.547333 0.983667 0.017333 0.014667
0 0.546667 0.617833 0.028000 0.019667
0 0.669833 0.697500 0.013667 0.019667
0 0.272333 0.724333 0.018667 0.016667
0 0.322667 0.720500 0.010000 0.012333
0 0.257000 0.586333 0.011333 0.015333
0 0.197667 0.712667 0.014667 0.016667
0 0.239000 0.709833 0.015333 0.011000
0 0.270500 0.635500 0.010333 0.012333
0 0.193167 0.538833 0.016333 0.012333
0 0.299833 0.516000 0.014333 0.016000
0 0.189667 0.457833 0.020000 0.015667
0 0.171500 0.276667 0.014333 0.020000
0 0.299333 0.298833 0.017333 0.025667
0 0.336667 0.352500 0.013333 0.020333
0 0.275500 0.126500 0.021000 0.018333
0 0.330833 0.111167 0.014333 0.023000
0 0.368167 0.080500 0.019667 0.018333
0 0.467833 0.061833 0.021667 0.019000
0 0.505167 0.134667 0.016333 0.016000
0 0.563833 0.209000 0.029667 0.028667
0 0.527167 0.223833 0.025667 0.018333
0 0.562333 0.155167 0.018667 0.019000
0 0.572167 0.141667 0.021000 0.018000
0 0.778833 0.256167 0.016333 0.018333
0 0.815000 0.303667 0.016667 0.018667
0 0.808833 0.329500 0.010333 0.017000
0 0.951667 0.273167 0.019333 0.019000
0 0.990667 0.220667 0.016667 0.015333
0 0.984667 0.578333 0.020667 0.012667
0 0.828833 0.713833 0.015000 0.014333
0 0.889167 0.784833 0.017000 0.013667
0 0.940167 0.819833 0.019000 0.025667
0 0.955333 0.860500 0.020000 0.019667
0 0.993500 0.806000 0.013000 0.018667
0 0.667333 0.509667 0.019333 0.024667
0 0.465167 0.010167 0.016333 0.012333
0 0.214833 0.248500 0.023667 0.026333
0 0.177000 0.670167 0.013333 0.016333
0 0.617500 0.062667 0.017000 0.022667
0 0.895667 0.177333 0.023333 0.021333
