0 0.588833 0.492500 0.021000 0.019000
0 0.592833 0.564167 0.015667 0.013667
0 0.640667 0.668667 0.015333 0.014000
0 0.569167 0.533167 0.006333 0.013667
0 0.508500 0.451167 0.013667 0.015667
0 0.430000 0.474000 0.016667 0.017333
0 0.505167 0.421167 0.011000 0.008333
0 0.500333 0.421667 0.011333 0.013333
0 0.542000 0.299667 0.012667 0.019333
0 0.649833 0.337333 0.015667 0.010667
0 0.589833 0.322500 0.010333 0.015000
0 0.633167 0.285667 0.013667 0.012667
0 0.488000 0.251333 0.013333 0.014667
0 0.367833 0.298500 0.012333 0.016333
0 0.336667 0.289000 0.013333 0.016000
0 0.371667 0.496167 0.024667 0.019000
0 0.340667 0.516000 0.016000 0.010000
0 0.183667 0.489500 0.015333 0.021000
0 0.249167 0.451167 0.009000 0.009000
0 0.288500 0.572167 0.014333 0.011667
0 0.399167 0.557833 0.011667 0.011667
0 0.280833 0.576000 0.013000 0.015333
0 0.246833 0.647000 0.013000 0.012667
0 0.195500 0.567667 0.016333 0.012000
0 0.211167 0.691500 0.014333 0.016333
0 0.319500 0.687167 0.013667 0.011667
0 0.509667 0.820500 0.013333 0.010333
0 0.478667 0.962500 0.014000 0.016333
0 0.546500 0.950000 0.010333 0.018000
0 0.376333 0.951833 0.014667 0.012333
0 0.456333 0.853833 0.016000 0.019667
0 0.574000 0.894500 0.022000 0.022333
0 0.539667 0.640333 0.019333 0.018000
0 0.515000 0.675833 0.012000 0.011667
0 0.476667 0.646000 0.020000 0.015333
0 0.260333 0.682000 0.017333 0.013333
0 0.357333 0.712500 0.019333 0.016333
0 0.190000 0.685833 0.014000 0.015000
0 0.176333 0.661333 0.016667 0.014000
0 0.334833 0.798500 0.013000 0.010333
0 0.373333 0.987500 0.016000 0.017000
0 0.495333 0.804167 0.006667 0.009000
0 0.184333 0.593833 0.016000 0.015667
