0 0.894833 0.172167 0.028333 0.020333
0 0.893000 0.108333 0.008667 0.017333
0 0.817833 0.345833 0.015667 0.015000
0 0.754833 0.361333 0.012333 0.020000
0 0.681333 0.270000 0.013333 0.012667
0 0.621667 0.427667 0.016667 0.021333
0 0.733333 0.508500 0.018000 0.021000
0 0.656167 0.667667 0.015667 0.016667
0 0.649333 0.895500 0.016000 0.010333
0 0.704833 0.918333 0.015667 0.014667
0 0.724833 0.915333 0.013000 0.015333
0 0.695667 0.962500 0.014000 0.015000
0 0.421000 0.811500 0.020000 0.017667
0 0.319667 0.927500 0.016000 0.011000
0 0.279000 0.904500 0.018000 0.018333
0 0.300000 0.780167 0.018000 0.012333
0 0.256833 0.629167 0.015667 0.020333
0 0.231667 0.532167 0.014667 0.016333
0 0.174167 0.480667 0.019667 0.026667
0 0.423833 0.519833 0.018333 0.016333
0 0.473667 0.371000 0.023333 0.016667
0 0.433000 0.386333 0.026667 0.018667
0 0.399000 0.438833 0.022667 0.017667
0 0.562000 0.320667 0.024667 0.023333
0 0.284167 0.436500 0.022333 0.016333
0 0.280333 0.504000 0.007333 0.008000
0 0.041667 0.518833 0.007333 0.007000
0 0.115667 0.523000 0.008667 0.008000
0 0.199000 0.585167 0.008000 0.010333
0 0.196500 0.601833 0.005667 0.009000
0 0.313667 0.741667 0.008667 0.010667
0 0.315833 0.162000 0.021667 0.018667
0 0.141500 0.276667 0.038333 0.028667
0 0.068333 0.308667 0.033333 0.026000
0 0.152333 0.092000 0.023333 0.032667
0 0.642333 0.560333 0.037333 0.030667
0 0.011000 0.213667 0.018667 0.033333
