0 0.616333 0.410000 0.016667 0.016667
0 0.562667 0.487000 0.013333 0.021333
0 0.536167 0.530167 0.015667 0.012333
0 0.519833 0.531167 0.013000 0.012333
0 0.450167 0.540000 0.011667 0.011333
0 0.534833 0.582333 0.012333 0.012000
0 0.600333 0.559500 0.014667 0.013000
0 0.584667 0.586833 0.020000 0.018333
0 0.511833 0.633333 0.015667 0.014000
0 0.576167 0.689167 0.016333 0.019667
0 0.509167 0.701500 0.006333 0.005667
0 0.554667 0.649833 0.004667 0.008333
0 0.564000 0.742833 0.014000 0.015667
0 0.386333 0.818333 0.014000 0.014667
0 0.414167 0.842833 0.013000 0.018333
0 0.538000 0.829167 0.014000 0.014333
0 0.277667 0.617500 0.014000 0.017667
0 0.219833 0.133500 0.015000 0.025000
0 0.271333 0.206333 0.012000 0.011333
0 0.281333 0.111667 0.022667 0.019333
0 0.663500 0.211000 0.007000 0.006667
0 0.518667 0.315667 0.016000 0.023333
0 0.513833 0.365167 0.022333 0.014333
0 0.401167 0.298833 0.019667 0.021667
0 0.080667 0.396000 0.028000 0.028667
0 0.042167 0.131667 0.026333 0.026667
