0 0.662667 0.544500 0.010667 0.015000
0 0.729833 0.469500 0.011667 0.013000
0 0.737500 0.510000 0.011667 0.014000
0 0.817000 0.491167 0.018000 0.011000
0 0.884167 0.573833 0.015667 0.013000
0 0.765333 0.555667 0.020667 0.017333
0 0.943000 0.605667 0.013333 0.014000
0 0.901167 0.580000 0.015667 0.018000
0 0.820667 0.450667 0.016667 0.014667
0 0.766667 0.485833 0.014667 0.012333
0 0.522333 0.562167 0.023333 0.013667
0 0.616167 0.800500 0.013000 0.014333
0 0.656333 0.751500 0.014000 0.010333
0 0.242833 0.429667 0.013000 0.018667
0 0.525833 0.308333 0.019000 0.025333
0 0.518667 0.341333 0.029333 0.028000
0 0.538333 0.200167 0.013333 0.021667
0 0.638000 0.343000 0.026667 0.025333
0 0.617333 0.284833 0.021333 0.016333
0 0.545667 0.128833 0.020000 0.013667
0 0.416000 0.218833 0.014667 0.015667
0 0.474667 0.585000 0.016667 0.020000
0 0.319833 0.607833 0.022333 0.013000
0 0.193667 0.614500 0.018000 0.016333
0 0.252000 0.634167 0.021333 0.017667
0 0.446833 0.465000 0.022333 0.018000
0 0.854667 0.466500 0.014000 0.014333
0 0.845500 0.489500 0.017667 0.017000
0 0.686833 0.363333 0.030333 0.033333
0 0.860667 0.527500 0.013333 0.011000
