0 0.453667 0.513000 0.011333 0.015333
0 0.465000 0.677500 0.007333 0.013667
0 0.532000 0.553833 0.006000 0.008333
0 0.538000 0.505500 0.006667 0.008333
0 0.212500 0.043333 0.008333 0.008000
0 0.228333 0.241167 0.010000 0.006333
0 0.015333 0.327833 0.008000 0.005000
0 0.094167 0.396333 0.008333 0.009333
0 0.102000 0.427833 0.012667 0.017000
0 0.161500 0.325167 0.010333 0.007000
0 0.028500 0.478000 0.009667 0.007333
0 0.332500 0.468000 0.005000 0.007333
0 0.281667 0.502000 0.005333 0.006000
0 0.718833 0.576500 0.005667 0.006333
0 0.624500 0.396833 0.008333 0.006333
0 0.753833 0.515333 0.009667 0.007333
0 0.946667 0.868167 0.008000 0.006333
0 0.034000 0.251833 0.006000 0.007000
0 0.057833 0.528167 0.009000 0.008333
0 0.322167 0.537333 0.010333 0.008000
0 0.670500 0.381167 0.009667 0.009667
0 0.524167 0.443667 0.005000 0.006667
0 0.530000 0.597667 0.006000 0.007333
0 0.112000 0.308667 0.007333 0.008667
0 0.589500 0.498167 0.007000 0.007000
0 0.837500 0.486333 0.006333 0.006667
0 0.232833 0.560333 0.005667 0.006000
0 0.611500 0.673833 0.005000 0.004333
0 0.570667 0.737000 0.004667 0.005333
0 0.678167 0.570667 0.006333 0.007333
0 0.582500 0.226000 0.009667 0.010000
0 0.937167 0.326167 0.010333 0.011000
0 0.973833 0.902667 0.009667 0.008000
0 0.125667 0.169000 0.016667 0.012667
0 0.742167 0.115000 0.011000 0.010000
0 0.719167 0.507833 0.011667 0.009000
0 0.066833 0.670833 0.009667 0.008333
