0 0.533333 0.441000 0.022667 0.020000
0 0.644500 0.519667 0.012333 0.019333
0 0.725000 0.514667 0.011333 0.012667
0 0.768500 0.500500 0.015000 0.017667
0 0.781833 0.633667 0.011667 0.010000
0 0.702000 0.666833 0.015333 0.013667
0 0.711000 0.681833 0.016000 0.018333
0 0.692333 0.707667 0.015333 0.014000
0 0.743000 0.704000 0.010667 0.010667
0 0.841833 0.678167 0.015000 0.011667
0 0.723000 0.741667 0.016667 0.010667
0 0.723500 0.754667 0.017000 0.014000
0 0.716833 0.794833 0.013000 0.013667
0 0.931000 0.787500 0.016000 0.017000
0 0.851667 0.771333 0.011333 0.021333
0 0.859500 0.595500 0.017667 0.014333
0 0.859000 0.538833 0.013333 0.017000
0 0.842500 0.539333 0.019000 0.012667
0 0.923333 0.480667 0.019333 0.014667
0 0.890500 0.411833 0.014333 0.013667
0 0.799667 0.431000 0.012667 0.020667
0 0.821167 0.273167 0.015667 0.013667
0 0.818167 0.394000 0.018333 0.020000
0 0.612000 0.266333 0.014000 0.017333
0 0.730667 0.206000 0.017333 0.018000
0 0.637500 0.138833 0.013000 0.015667
0 0.753500 0.157167 0.015000 0.021000
0 0.380167 0.138167 0.022333 0.022333
0 0.546000 0.129667 0.010000 0.008667
0 0.401667 0.274833 0.016667 0.017667
0 0.429000 0.324000 0.017333 0.017333
0 0.315833 0.452000 0.015667 0.012667
0 0.351833 0.478167 0.021000 0.016333
0 0.462667 0.466333 0.015333 0.016000
0 0.283500 0.500000 0.015000 0.013333
0 0.280500 0.420500 0.011667 0.014333
0 0.274333 0.474000 0.008000 0.008667
0 0.447167 0.563833 0.012333 0.017000
0 0.455167 0.581500 0.017667 0.012333
0 0.497333 0.632667 0.015333 0.016667
0 0.509667 0.727667 0.016000 0.016000
0 0.501167 0.773333 0.016333 0.014667
0 0.470833 0.700167 0.014333 0.017000
0 0.431167 0.709500 0.009667 0.008333
0 0.294167 0.647667 0.018333 0.016000
0 0.296333 0.674500 0.016000 0.016333
0 0.319167 0.770000 0.014333 0.011333
0 0.323667 0.796833 0.013333 0.013667
0 0.465833 0.823833 0.012333 0.011667
0 0.297500 0.712333 0.015667 0.015333
0 0.354833 0.687000 0.009667 0.009333
0 0.237000 0.471500 0.018000 0.017667
0 0.405167 0.434833 0.023667 0.016333
0 0.288000 0.266667 0.017333 0.014667
0 0.709333 0.083500 0.016000 0.019667
0 0.766167 0.091667 0.020333 0.018000
0 0.773167 0.337167 0.017000 0.010333
0 0.957000 0.488833 0.020667 0.017667
0 0.963167 0.854000 0.016333 0.022667
0 0.855500 0.889667 0.011000 0.014667
0 0.917167 0.935333 0.019667 0.020000
0 0.920167 0.962500 0.013667 0.017000
0 0.313000 0.908000 0.018000 0.020000
0 0.315167 0.832167 0.017000 0.018333
0 0.253000 0.945833 0.020000 0.017000
0 0.131667 0.841500 0.016667 0.019667
0 0.183667 0.797333 0.016000 0.018000
0 0.289833 0.775667 0.018333 0.018000
0 0.610500 0.580000 0.017000 0.020667
0 0.410500 0.959333 0.022333 0.022000
0 0.180167 0.501167 0.021000 0.022333
0 0.405500 0.343500 0.017667 0.015667
0 0.413667 0.736500 0.006667 0.005667
