0 0.663333 0.508167 0.020000 0.027667
0 0.672333 0.599333 0.017333 0.017333
0 0.690167 0.643167 0.016333 0.017000
0 0.657000 0.674833 0.018000 0.013000
0 0.447500 0.758500 0.018333 0.017000
0 0.516833 0.716833 0.007667 0.008333
0 0.494167 0.657500 0.020333 0.019667
0 0.406667 0.673500 0.008667 0.019667
0 0.361500 0.552667 0.017000 0.013333
0 0.365500 0.598167 0.015667 0.012333
0 0.378333 0.632167 0.014667 0.021000
0 0.419333 0.576667 0.016000 0.016667
0 0.437500 0.522333 0.014333 0.014667
0 0.713000 0.422333 0.015333 0.014667
0 0.734167 0.409167 0.015667 0.014333
0 0.607667 0.382333 0.014667 0.021333
0 0.658000 0.304000 0.014667 0.011333
0 0.470333 0.245667 0.014667 0.016000
0 0.432000 0.362333 0.026000 0.020000
0 0.398000 0.245833 0.018000 0.022333
0 0.393000 0.444667 0.014667 0.014000
0 0.890667 0.246000 0.013333 0.016667
0 0.901333 0.210500 0.023333 0.019667
0 0.675500 0.142000 0.015667 0.017333
0 0.968000 0.290167 0.020000 0.015667
0 0.810500 0.435167 0.015667 0.012333
