0 0.160333 0.164667 0.019333 0.020000
0 0.229500 0.223000 0.021000 0.020667
0 0.192333 0.171167 0.023333 0.023000
0 0.210500 0.150333 0.021000 0.014667
0 0.274333 0.140000 0.015333 0.015333
0 0.285000 0.136333 0.013333 0.016000
0 0.516833 0.127833 0.009667 0.015667
0 0.441833 0.176167 0.011000 0.007000
0 0.445667 0.182167 0.010000 0.011000
0 0.299667 0.228167 0.010667 0.012333
0 0.225000 0.344333 0.014667 0.010000
0 0.212333 0.362500 0.011333 0.016333
0 0.435833 0.327167 0.012333 0.014333
0 0.559167 0.276667 0.017000 0.016667
0 0.554167 0.289000 0.016333 0.014000
0 0.659167 0.296667 0.012333 0.015333
0 0.680000 0.309667 0.008000 0.012667
0 0.607000 0.322167 0.010667 0.011667
0 0.584500 0.409667 0.007000 0.013333
0 0.527667 0.478500 0.010667 0.015667
0 0.483167 0.486667 0.008333 0.016000
0 0.411500 0.656167 0.017667 0.014333
0 0.722000 0.475667 0.017333 0.016667
0 0.790667 0.429167 0.014667 0.009667
0 0.836167 0.416500 0.009667 0.010333
0 0.796833 0.452167 0.013000 0.011667
0 0.816167 0.441833 0.015000 0.013000
0 0.964500 0.348333 0.018333 0.014000
0 0.954500 0.356167 0.014333 0.011000
0 0.894333 0.436333 0.013333 0.016667
0 0.910500 0.438833 0.011000 0.018333
0 0.968667 0.453833 0.014000 0.013000
0 0.877333 0.500000 0.016000 0.012000
0 0.827833 0.623333 0.015000 0.011333
0 0.884667 0.628000 0.015333 0.017333
0 0.805000 0.751500 0.016667 0.013000
0 0.801833 0.764000 0.012333 0.014000
0 0.698667 0.773333 0.011333 0.008000
0 0.693667 0.780667 0.014000 0.012667
0 0.711167 0.713833 0.017667 0.013667
0 0.661500 0.703667 0.011000 0.014000
0 0.561167 0.697000 0.014333 0.012667
0 0.597333 0.677167 0.013333 0.013667
0 0.585833 0.615667 0.015000 0.016667
0 0.620833 0.613500 0.016333 0.016333
0 0.623667 0.641500 0.018000 0.019667
0 0.397500 0.725833 0.018333 0.015667
0 0.474667 0.758000 0.020000 0.010000
0 0.459500 0.792500 0.013000 0.021667
0 0.454000 0.836833 0.015333 0.014333
0 0.508667 0.816333 0.012667 0.014000
0 0.515667 0.840167 0.012000 0.019667
0 0.530000 0.802833 0.016667 0.012333
0 0.416667 0.892667 0.012000 0.016000
0 0.404833 0.928500 0.016333 0.019667
0 0.376667 0.856000 0.016000 0.018000
0 0.309167 0.887167 0.017667 0.017667
0 0.272833 0.887833 0.013000 0.017667
0 0.273167 0.800000 0.017000 0.018000
0 0.249000 0.808833 0.014000 0.013000
0 0.019000 0.816667 0.018667 0.016667
0 0.020167 0.792000 0.019667 0.018667
0 0.072167 0.766667 0.012333 0.023333
0 0.036833 0.881000 0.013667 0.014000
0 0.011833 0.887500 0.012333 0.010333
0 0.016000 0.720167 0.017333 0.021667
0 0.158833 0.706333 0.019667 0.020667
0 0.138333 0.673000 0.012000 0.013333
0 0.119167 0.661500 0.017000 0.014333
0 0.106500 0.661167 0.013000 0.015000
0 0.016667 0.643000 0.017333 0.019333
0 0.146000 0.616833 0.013333 0.016333
0 0.088333 0.587167 0.019333 0.014333
0 0.304667 0.621167 0.019333 0.021667
0 0.378667 0.512333 0.011333 0.013333
0 0.381167 0.526667 0.013000 0.016000
0 0.268667 0.498833 0.013333 0.017000
0 0.189167 0.489833 0.016333 0.018333
0 0.152000 0.552333 0.021333 0.009333
0 0.160667 0.529667 0.018667 0.016000
0 0.133167 0.466500 0.016333 0.007667
0 0.098167 0.487167 0.018333 0.009667
0 0.085167 0.484500 0.011000 0.009000
0 0.127833 0.189500 0.022333 0.012333
0 0.111167 0.179667 0.013667 0.015333
0 0.109667 0.152667 0.018000 0.013333
