0 0.464000 0.668333 0.006000 0.007333
0 0.442500 0.671500 0.007000 0.009667
0 0.506833 0.603500 0.007000 0.006333
0 0.376667 0.532167 0.005333 0.007000
0 0.366500 0.579333 0.006333 0.004000
0 0.463667 0.560000 0.005333 0.006000
0 0.558667 0.747500 0.004000 0.005667
0 0.583833 0.570333 0.004333 0.005333
0 0.419500 0.499833 0.005667 0.004333
0 0.486167 0.546000 0.006333 0.004667
0 0.369667 0.546167 0.004000 0.006333
0 0.370667 0.591000 0.007333 0.005333
0 0.368667 0.587167 0.005333 0.005000
0 0.390667 0.581833 0.005333 0.004333
0 0.423333 0.634833 0.006667 0.005000
0 0.380333 0.439500 0.006000 0.005667
0 0.371833 0.468333 0.005667 0.005333
0 0.384500 0.270000 0.007000 0.007333
0 0.355333 0.271333 0.004667 0.006667
0 0.458667 0.245000 0.005333 0.005333
0 0.451167 0.204500 0.005667 0.007000
0 0.343000 0.252167 0.005333 0.005667
0 0.500500 0.191167 0.004333 0.005667
0 0.512333 0.202167 0.003333 0.006333
0 0.490500 0.224833 0.004333 0.005667
0 0.509833 0.232000 0.003667 0.004000
0 0.536667 0.249000 0.005333 0.004000
0 0.422833 0.233000 0.004333 0.005333
0 0.439500 0.198000 0.005000 0.004000
0 0.438167 0.210333 0.005000 0.004667
0 0.414833 0.264500 0.007000 0.004333
0 0.390333 0.182000 0.004667 0.005333
0 0.278500 0.196500 0.005000 0.007000
0 0.315333 0.335167 0.005333 0.005000
0 0.221333 0.135000 0.004000 0.006000
0 0.267167 0.147667 0.005000 0.006667
0 0.198833 0.142667 0.007000 0.004667
0 0.355500 0.166000 0.007000 0.008000
0 0.368500 0.160667 0.005000 0.004667
0 0.364500 0.175667 0.005667 0.005333
0 0.428167 0.159000 0.005667 0.005333
0 0.474833 0.147500 0.008333 0.005667
0 0.460667 0.135500 0.005333 0.005667
0 0.411500 0.144667 0.005667 0.005333
0 0.420000 0.138333 0.007333 0.005333
0 0.415000 0.133500 0.006000 0.005667
0 0.355333 0.128667 0.006667 0.008667
0 0.364000 0.107333 0.006000 0.007333
0 0.419667 0.089500 0.004667 0.007000
0 0.444000 0.085667 0.006667 0.007333
0 0.444500 0.094333 0.007000 0.007333
0 0.451500 0.098500 0.005000 0.006333
0 0.458833 0.065500 0.007000 0.009000
0 0.373000 0.077667 0.006000 0.006667
0 0.390000 0.082667 0.004667 0.006667
0 0.329833 0.085167 0.005667 0.006333
0 0.330000 0.069833 0.006000 0.006333
0 0.404333 0.059833 0.007333 0.007667
0 0.434333 0.076333 0.004667 0.006000
0 0.363667 0.034000 0.006000 0.008000
0 0.524000 0.023833 0.006000 0.007667
0 0.528500 0.100833 0.007000 0.006333
0 0.527167 0.092000 0.005667 0.006000
0 0.376667 0.045833 0.007333 0.006333
0 0.436667 0.044500 0.006667 0.006333
0 0.395667 0.040667 0.004667 0.006000
0 0.380000 0.058167 0.005333 0.005667
0 0.363167 0.097000 0.006333 0.006000
0 0.541167 0.030833 0.005667 0.007000
0 0.594833 0.084833 0.005667 0.006333
0 0.580333 0.021167 0.007333 0.008333
0 0.572333 0.010167 0.005333 0.006333
0 0.557000 0.012333 0.006000 0.005333
0 0.576000 0.069167 0.006667 0.006333
0 0.586000 0.003833 0.005333 0.005667
0 0.476833 0.069167 0.005000 0.007000
0 0.635833 0.099333 0.006333 0.008000
0 0.582833 0.264000 0.005000 0.007333
0 0.463833 0.265333 0.005667 0.004667
0 0.479333 0.234333 0.010667 0.006667
0 0.990500 0.592667 0.007667 0.007333
0 0.954500 0.718000 0.006333 0.008000
0 0.978333 0.725000 0.005333 0.006000
0 0.936167 0.758667 0.005667 0.007333
0 0.989500 0.674000 0.006333 0.005333
0 0.921833 0.703000 0.005000 0.006000
0 0.960500 0.636167 0.004333 0.006333
0 0.583333 0.695500 0.006000 0.005000
0 0.550667 0.636000 0.005333 0.004667
0 0.481000 0.695500 0.005333 0.007000
0 0.380333 0.704667 0.004000 0.006000
0 0.349500 0.655833 0.007000 0.005000
0 0.392667 0.725833 0.006000 0.006333
0 0.411333 0.772500 0.006000 0.008333
0 0.275667 0.730000 0.006667 0.006667
0 0.251833 0.705000 0.006333 0.006000
0 0.106167 0.781833 0.007000 0.008333
0 0.216500 0.800000 0.006333 0.007333
0 0.181000 0.859333 0.004667 0.005333
0 0.246500 0.750333 0.005667 0.005333
0 0.062667 0.860500 0.005333 0.007000
0 0.152000 0.908333 0.010667 0.006000
0 0.160167 0.920833 0.006333 0.006333
0 0.227333 0.923000 0.007333 0.006667
0 0.234000 0.897833 0.004667 0.005667
0 0.168000 0.803000 0.006667 0.006000
0 0.027500 0.856167 0.006333 0.005667
0 0.023167 0.819000 0.005000 0.005333
0 0.023500 0.935833 0.005667 0.005000
0 0.008167 0.923833 0.005667 0.005667
0 0.002667 0.914000 0.004667 0.003333
0 0.116667 0.951167 0.007333 0.006333
0 0.143500 0.933500 0.004333 0.006333
0 0.189667 0.947500 0.005333 0.006333
0 0.216000 0.990167 0.005333 0.005667
0 0.225333 0.903500 0.006667 0.005000
0 0.142500 0.651833 0.006333 0.006333
0 0.085333 0.647167 0.006667 0.005000
0 0.052000 0.644833 0.006000 0.004333
0 0.109500 0.604500 0.006333 0.006333
0 0.251000 0.631667 0.004000 0.006000
0 0.236000 0.579667 0.006000 0.006667
0 0.141000 0.583167 0.006000 0.006333
0 0.100000 0.644333 0.006000 0.003333
0 0.109167 0.549667 0.004333 0.006000
0 0.132667 0.417667 0.006667 0.006667
0 0.107500 0.394000 0.005000 0.006000
0 0.123333 0.414833 0.007333 0.007667
0 0.077000 0.434500 0.008000 0.005667
0 0.204000 0.393500 0.004667 0.007000
0 0.189167 0.299333 0.005667 0.006000
0 0.079333 0.259667 0.004000 0.004667
0 0.238833 0.126667 0.004333 0.006000
0 0.027833 0.050833 0.006333 0.005000
0 0.269167 0.037333 0.005000 0.004667
0 0.166833 0.020500 0.005667 0.006333
0 0.183333 0.136667 0.005333 0.006000
0 0.497500 0.172667 0.005000 0.006000
0 0.771667 0.146333 0.006667 0.006667
0 0.785167 0.163833 0.005667 0.008333
0 0.819000 0.127333 0.004667 0.006000
0 0.779167 0.055500 0.007000 0.005000
0 0.777000 0.061000 0.003333 0.007333
0 0.850500 0.034667 0.003667 0.006000
0 0.858667 0.114500 0.004667 0.005667
0 0.934333 0.005500 0.004667 0.005000
0 0.711000 0.559667 0.005333 0.006000
0 0.666500 0.654500 0.005000 0.005667
0 0.680167 0.649000 0.005000 0.004667
0 0.624333 0.564667 0.008000 0.007333
0 0.686333 0.564500 0.006000 0.005667
0 0.700500 0.625167 0.005000 0.007000
0 0.680167 0.633667 0.005667 0.006000
0 0.681833 0.607333 0.007000 0.008000
0 0.717500 0.584667 0.007000 0.006667
0 0.519167 0.390167 0.005000 0.006333
0 0.482000 0.347667 0.008667 0.005333
0 0.963667 0.800833 0.007333 0.009000
0 0.890833 0.894167 0.006333 0.005667
0 0.923333 0.947500 0.004000 0.007667
0 0.559333 0.850333 0.004000 0.005333
0 0.524333 0.845333 0.004667 0.004667
0 0.504500 0.844167 0.005667 0.005000
0 0.519833 0.842667 0.004333 0.005333
0 0.349167 0.871167 0.006333 0.007667
0 0.347833 0.912000 0.007000 0.007333
0 0.203000 0.885333 0.004667 0.005333
0 0.459167 0.474000 0.004333 0.006000
0 0.643167 0.688833 0.007000 0.007000
0 0.629000 0.739500 0.008000 0.007000
0 0.641000 0.660500 0.006000 0.007667
0 0.217500 0.934667 0.006333 0.005333
0 0.174167 0.356500 0.005667 0.006333
0 0.055167 0.067500 0.007000 0.006333
0 0.394333 0.022167 0.006000 0.005667
0 0.802667 0.038833 0.006667 0.007000
0 0.822000 0.222500 0.005333 0.005000
0 0.996833 0.514333 0.006333 0.007333
0 0.983167 0.551500 0.007667 0.006333
0 0.976500 0.604333 0.005667 0.006000
0 0.868167 0.919167 0.007000 0.007000
0 0.456333 0.689500 0.006000 0.005667
0 0.451333 0.695333 0.006667 0.006667
0 0.560000 0.259167 0.004000 0.007667
0 0.526667 0.255667 0.005333 0.005333
0 0.529667 0.252667 0.005333 0.004667
0 0.517333 0.241833 0.006000 0.005667
0 0.107333 0.471667 0.005333 0.006000
0 0.284833 0.214833 0.006333 0.006333
0 0.336500 0.212833 0.005667 0.005667
0 0.341167 0.194833 0.005000 0.005667
0 0.348833 0.193667 0.005000 0.006000
0 0.444000 0.257333 0.004667 0.006000
0 0.652667 0.543667 0.004667 0.006000
0 0.668500 0.606167 0.005667 0.007000
0 0.632667 0.606833 0.009333 0.009000
0 0.493333 0.486667 0.004667 0.004667
0 0.522167 0.458000 0.004333 0.004667
0 0.411000 0.417500 0.004000 0.003667
0 0.496500 0.308000 0.004333 0.004667
0 0.972167 0.889500 0.005000 0.007000
0 0.356000 0.892833 0.006000 0.005667
0 0.303500 0.509667 0.005667 0.008667
0 0.294333 0.530333 0.007333 0.007333
0 0.200500 0.041500 0.005000 0.006333
