0 0.464000 0.103333 0.009333 0.007333
0 0.553167 0.109333 0.011667 0.008000
0 0.522000 0.157000 0.012000 0.008000
0 0.528500 0.145500 0.011000 0.008333
0 0.564167 0.206833 0.007667 0.009667
0 0.507500 0.258500 0.014333 0.010333
0 0.717167 0.509167 0.005667 0.008333
0 0.267667 0.652167 0.009333 0.007667
0 0.244500 0.695167 0.007000 0.007000
0 0.933667 0.965833 0.008667 0.008333
0 0.848667 0.988167 0.010000 0.007667
0 0.832667 0.989167 0.007333 0.006333
0 0.844833 0.364333 0.009667 0.008667
0 0.824667 0.373333 0.008000 0.004667
0 0.789667 0.338833 0.005333 0.003667
0 0.837500 0.086500 0.008333 0.007000
0 0.816333 0.045000 0.008000 0.006667
0 0.858667 0.141333 0.008000 0.007333
0 0.866333 0.165000 0.006667 0.006000
0 0.393167 0.027833 0.009000 0.005667
0 0.011167 0.107333 0.007667 0.005333
0 0.061333 0.174000 0.008667 0.006000
0 0.026000 0.199500 0.006667 0.003667
0 0.004667 0.183667 0.007333 0.005333
0 0.043667 0.784000 0.006000 0.004667
0 0.173833 0.788333 0.006333 0.006000
0 0.150167 0.750167 0.007000 0.007000
0 0.027333 0.991833 0.007333 0.006333
0 0.044167 0.986667 0.005667 0.005333
0 0.038500 0.961667 0.006333 0.006667
0 0.385667 0.688833 0.004667 0.005000
0 0.480333 0.005667 0.007333 0.009333
0 0.300667 0.089167 0.009333 0.009000
0 0.648000 0.474000 0.006667 0.009333
0 0.699667 0.564333 0.006667 0.007333
0 0.710333 0.260333 0.008000 0.008000
0 0.216333 0.341000 0.004667 0.006667
0 0.199333 0.349167 0.004000 0.007000
0 0.064167 0.093500 0.005667 0.006333
0 0.253500 0.059333 0.005667 0.005333
0 0.312667 0.073833 0.006667 0.007000
0 0.370667 0.078333 0.006000 0.006000
0 0.432000 0.046000 0.007333 0.007333
0 0.337333 0.014167 0.007333 0.007000
0 0.583167 0.123667 0.007000 0.008000
0 0.840500 0.036333 0.005667 0.008000
0 0.871000 0.041833 0.005333 0.007000
0 0.766667 0.174667 0.004667 0.008667
0 0.716167 0.133000 0.007667 0.006667
0 0.814167 0.331667 0.005000 0.006667
0 0.979000 0.313167 0.004667 0.007000
0 0.996667 0.313667 0.006000 0.008667
0 0.825000 0.506000 0.006000 0.007333
0 0.728167 0.692333 0.006333 0.006000
0 0.921333 0.865000 0.006667 0.006667
0 0.857500 0.980167 0.005667 0.005667
0 0.579000 0.949833 0.006000 0.007000
0 0.563833 0.971167 0.005000 0.007000
0 0.340333 0.979667 0.005333 0.006000
0 0.493833 0.885667 0.007667 0.006000
0 0.250667 0.994000 0.006667 0.006000
0 0.032667 0.843167 0.004667 0.007000
0 0.086167 0.639500 0.006333 0.007667
0 0.298167 0.569667 0.005667 0.008000
0 0.052333 0.295500 0.006000 0.007000
0 0.381500 0.037500 0.008333 0.008333
0 0.465500 0.516000 0.007000 0.008667
0 0.420833 0.393667 0.005667 0.006667
0 0.574000 0.780333 0.006667 0.008000
