0 0.381167 0.312167 0.009667 0.009000
0 0.477833 0.290833 0.010333 0.007000
0 0.496333 0.483167 0.009333 0.010333
0 0.489833 0.647667 0.011000 0.014000
0 0.453500 0.717833 0.007667 0.007000
0 0.443667 0.654500 0.008000 0.010333
0 0.409667 0.802000 0.009333 0.012667
0 0.447500 0.866000 0.006333 0.009333
0 0.392167 0.530000 0.006333 0.008667
0 0.307000 0.493667 0.009333 0.009333
0 0.308500 0.509833 0.009000 0.009000
0 0.227667 0.346333 0.006000 0.005333
0 0.187500 0.450167 0.003667 0.005667
0 0.685167 0.355500 0.008333 0.011000
0 0.685333 0.267667 0.006000 0.009333
0 0.924000 0.044667 0.008667 0.012000
0 0.590333 0.100167 0.009333 0.009000
0 0.476500 0.123167 0.012333 0.014333
0 0.463000 0.152167 0.004667 0.007000
0 0.176000 0.083167 0.004667 0.006333
0 0.343333 0.217167 0.005333 0.005667
0 0.276333 0.276500 0.006000 0.007000
0 0.240333 0.361000 0.004667 0.005333
0 0.601167 0.609333 0.007667 0.008667
0 0.595000 0.542833 0.005333 0.004333
0 0.446000 0.206167 0.008000 0.008333
0 0.292000 0.229167 0.007333 0.011000
0 0.373500 0.204333 0.006333 0.006000
0 0.118167 0.168667 0.007667 0.012000
0 0.350833 0.382167 0.004333 0.004333
0 0.342000 0.357500 0.004000 0.005000
0 0.349667 0.327500 0.004000 0.005000
0 0.263167 0.319667 0.005667 0.004667
0 0.410000 0.262000 0.004000 0.003333
0 0.415333 0.585167 0.004667 0.004333
0 0.449667 0.633333 0.004000 0.005333
