0 0.667667 0.402000 0.032000 0.026000
0 0.517333 0.413667 0.024667 0.020000
0 0.307333 0.403833 0.012000 0.019667
0 0.281333 0.419167 0.016667 0.023000
0 0.401500 0.757667 0.015000 0.020667
0 0.561000 0.808333 0.018667 0.018000
0 0.387667 0.886167 0.018667 0.012333
0 0.367500 0.909333 0.016333 0.013333
0 0.356500 0.890500 0.013667 0.019667
0 0.332667 0.876167 0.016667 0.014333
0 0.303833 0.680167 0.021000 0.019667
0 0.205667 0.580667 0.020000 0.021333
0 0.171833 0.548000 0.015000 0.014667
0 0.288500 0.552333 0.018333 0.020000
0 0.235333 0.585667 0.014000 0.019333
0 0.560167 0.297500 0.023667 0.021000
0 0.339000 0.254000 0.023333 0.025333
0 0.434500 0.017000 0.015000 0.016667
0 0.606167 0.093167 0.024333 0.015000
0 0.626833 0.298833 0.023667 0.021000
0 0.655667 0.338667 0.028000 0.026000
0 0.812667 0.501167 0.024667 0.029000
0 0.462500 0.590167 0.020333 0.018333
0 0.590500 0.632000 0.018333 0.018000
0 0.621333 0.514333 0.020667 0.020667
0 0.689500 0.639167 0.016333 0.017667
0 0.111833 0.251000 0.029667 0.028000
0 0.289667 0.008667 0.018000 0.016667
0 0.800000 0.200167 0.016000 0.017667
0 0.526667 0.844667 0.009333 0.008667
0 0.045667 0.784500 0.016667 0.021000
0 0.106000 0.599500 0.012000 0.016333
0 0.058333 0.753333 0.012000 0.019333
0 0.783833 0.323500 0.020333 0.021000
0 0.300667 0.483000 0.022000 0.022667
0 0.311167 0.359500 0.030333 0.024333
0 0.336500 0.396833 0.031000 0.019000
