0 0.850500 0.442333 0.011667 0.010667
0 0.829833 0.415333 0.010333 0.013333
0 0.810000 0.390833 0.011333 0.013000
0 0.798000 0.327167 0.012667 0.011000
0 0.920667 0.330000 0.010000 0.016000
0 0.767667 0.506833 0.008000 0.011000
0 0.432333 0.451167 0.006667 0.009667
0 0.427500 0.443000 0.006333 0.008000
0 0.514500 0.454500 0.007667 0.007667
0 0.622667 0.689167 0.006667 0.009000
0 0.634667 0.645000 0.006000 0.008667
0 0.708500 0.468500 0.007000 0.010333
0 0.437833 0.653333 0.009000 0.008000
0 0.450000 0.593167 0.008000 0.009000
0 0.326500 0.591667 0.006333 0.008667
0 0.532000 0.671667 0.008000 0.010000
0 0.545833 0.736667 0.009667 0.008000
0 0.704000 0.625167 0.009333 0.008333
0 0.724333 0.246833 0.018000 0.027667
0 0.276667 0.635167 0.008000 0.010333
0 0.341333 0.971167 0.009333 0.011000
0 0.457333 0.904667 0.008667 0.014000
0 0.294833 0.800500 0.007667 0.008333
0 0.344833 0.820500 0.011667 0.011667
0 0.415833 0.621667 0.007000 0.011333
0 0.304667 0.721833 0.008667 0.007000
0 0.825500 0.730500 0.009000 0.010333
0 0.819833 0.814000 0.010333 0.009333
0 0.888000 0.502833 0.010000 0.014333
0 0.899500 0.541333 0.008333 0.009333
0 0.744167 0.291500 0.010333 0.008333
0 0.873833 0.453000 0.010333 0.008667
0 0.867667 0.949167 0.012000 0.007000
0 0.784000 0.855833 0.012000 0.010333
0 0.614333 0.919667 0.010667 0.008667
0 0.514667 0.806667 0.011333 0.014000
0 0.194333 0.249833 0.012000 0.012333
0 0.700500 0.209667 0.010333 0.010667
0 0.032500 0.779667 0.011667 0.010000
0 0.869333 0.910333 0.008000 0.011333
0 0.786333 0.990000 0.019333 0.015333
0 0.544500 0.895000 0.011667 0.011333
0 0.299333 0.826167 0.010667 0.007667
0 0.306833 0.806500 0.008333 0.011000
0 0.894667 0.267500 0.010667 0.011000
0 0.883667 0.186333 0.009333 0.011333
0 0.391833 0.834333 0.008333 0.008667
0 0.383500 0.939333 0.006333 0.008667
0 0.455333 0.171667 0.008000 0.006667
0 0.423500 0.284833 0.009000 0.007667
0 0.370667 0.216833 0.007333 0.009667
0 0.376833 0.170333 0.008333 0.009333
0 0.291500 0.141667 0.008333 0.008000
0 0.407500 0.249667 0.006333 0.006667
0 0.432667 0.156167 0.009333 0.005667
0 0.446000 0.146667 0.008667 0.008000
0 0.266000 0.122000 0.006667 0.009333
0 0.362167 0.093000 0.007000 0.008000
0 0.771667 0.047833 0.008000 0.007667
0 0.771000 0.103833 0.008000 0.009667
0 0.826500 0.150500 0.007000 0.007000
0 0.848167 0.161000 0.007667 0.006667
0 0.838500 0.143167 0.009000 0.007667
0 0.842000 0.151167 0.007333 0.008333
0 0.736500 0.068333 0.007667 0.008000
0 0.771667 0.070333 0.008000 0.009333
0 0.761833 0.063333 0.006333 0.008667
0 0.802667 0.294000 0.006000 0.007333
0 0.743667 0.353500 0.010000 0.009667
0 0.791333 0.388167 0.010000 0.010333
0 0.807833 0.347833 0.007667 0.007000
0 0.327833 0.734833 0.007667 0.007667
0 0.786500 0.049333 0.006333 0.007333
0 0.739667 0.015167 0.009333 0.008333
0 0.485167 0.413333 0.007667 0.007333
0 0.382333 0.183833 0.008000 0.007667
0 0.393000 0.190667 0.008000 0.008000
0 0.475167 0.206833 0.008333 0.007000
0 0.558667 0.287000 0.006000 0.006000
0 0.306000 0.402500 0.005333 0.006333
0 0.025333 0.104333 0.007333 0.006000
0 0.098000 0.167833 0.006000 0.005667
0 0.662167 0.007500 0.006333 0.007000
0 0.706167 0.012000 0.007000 0.006000
0 0.690500 0.006833 0.007000 0.007667
0 0.715333 0.003000 0.008667 0.005333
0 0.722333 0.039000 0.007333 0.008000
0 0.694333 0.067333 0.005333 0.008667
0 0.736833 0.113500 0.006333 0.009000
0 0.765167 0.025667 0.004333 0.006667
0 0.838500 0.131000 0.006333 0.006000
0 0.864500 0.181833 0.005667 0.007000
0 0.853500 0.269833 0.007667 0.005000
0 0.978500 0.335167 0.011667 0.009667
0 0.986667 0.353833 0.015333 0.014333
0 0.873500 0.846833 0.007667 0.009000
0 0.997333 0.798333 0.005333 0.008667
0 0.988500 0.837333 0.005667 0.008667
0 0.836833 0.930833 0.007667 0.007000
0 0.875333 0.928833 0.004667 0.010333
0 0.891000 0.931167 0.008000 0.009000
0 0.883667 0.964333 0.006000 0.006000
0 0.889500 0.954667 0.005667 0.008667
0 0.828167 0.985667 0.005667 0.010000
0 0.793167 0.838833 0.005667 0.009000
0 0.728500 0.970167 0.005667 0.006333
0 0.564333 0.898333 0.007333 0.006000
0 0.390500 0.871333 0.007000 0.008667
0 0.458000 0.917500 0.007333 0.009000
0 0.341500 0.668833 0.005667 0.005667
0 0.810333 0.062833 0.015333 0.016333
0 0.194333 0.817333 0.007333 0.007333
0 0.188500 0.830000 0.009667 0.009333
0 0.083833 0.737833 0.004333 0.007667
0 0.543000 0.933333 0.010667 0.009333
0 0.821333 0.997500 0.006000 0.005000
0 0.888000 0.845333 0.005333 0.008000
0 0.920000 0.614333 0.007333 0.005333
0 0.910333 0.602667 0.006667 0.006000
0 0.862833 0.364500 0.004333 0.005667
0 0.712500 0.397333 0.007667 0.007333
0 0.732167 0.305000 0.005667 0.006667
0 0.710833 0.290167 0.005000 0.006333
0 0.580333 0.062500 0.006000 0.004333
0 0.406833 0.199167 0.005667 0.006333
0 0.590000 0.245833 0.004667 0.006333
0 0.316500 0.610667 0.006333 0.004667
0 0.318167 0.606500 0.005000 0.006333
0 0.660167 0.705500 0.008333 0.008333
0 0.567833 0.710000 0.005667 0.008667
