0 0.057667 0.455000 0.024667 0.016667
0 0.146500 0.423333 0.015000 0.014667
0 0.119500 0.404167 0.011667 0.011000
0 0.361833 0.412000 0.009667 0.014000
0 0.333500 0.401500 0.011000 0.013667
0 0.376667 0.466833 0.015333 0.014333
0 0.228333 0.504000 0.013333 0.018667
0 0.262833 0.509667 0.019000 0.018000
0 0.361500 0.505000 0.015000 0.013333
0 0.241333 0.544167 0.012667 0.018333
0 0.274500 0.576500 0.017000 0.017667
0 0.280667 0.615000 0.015333 0.014000
0 0.250000 0.650833 0.016000 0.013667
0 0.199500 0.621500 0.015000 0.011000
0 0.183333 0.605667 0.013333 0.014000
0 0.190667 0.610833 0.008667 0.009000
0 0.307333 0.640667 0.020000 0.014000
0 0.382333 0.648500 0.014667 0.013667
0 0.498500 0.674000 0.011000 0.013333
0 0.457000 0.743333 0.020000 0.014667
0 0.501167 0.732000 0.018333 0.014667
0 0.614333 0.737000 0.015333 0.008667
0 0.624667 0.710833 0.015333 0.015667
0 0.593833 0.644667 0.013667 0.013333
0 0.526667 0.622000 0.012667 0.014667
0 0.517000 0.597667 0.010000 0.014000
0 0.580167 0.596833 0.013667 0.017000
0 0.630500 0.582500 0.011000 0.013667
0 0.700333 0.654000 0.012667 0.014667
0 0.677500 0.634667 0.013000 0.017333
0 0.684833 0.595167 0.013667 0.012333
0 0.710667 0.601000 0.013333 0.012000
0 0.570167 0.546667 0.010333 0.010000
0 0.497500 0.530333 0.014333 0.012667
0 0.440333 0.498000 0.013333 0.019333
0 0.447167 0.446333 0.016333 0.012000
0 0.510833 0.429833 0.013000 0.011667
0 0.527833 0.450333 0.014333 0.009333
0 0.546500 0.426167 0.012333 0.014333
0 0.564833 0.424833 0.015000 0.014333
0 0.595167 0.475833 0.010333 0.013667
0 0.605833 0.483167 0.010333 0.015000
0 0.506833 0.387333 0.011667 0.009333
0 0.522500 0.363000 0.009000 0.013333
0 0.547000 0.360667 0.010000 0.010000
0 0.560000 0.368333 0.012000 0.010000
0 0.640167 0.402167 0.013000 0.010333
0 0.665333 0.406500 0.010000 0.010333
0 0.722333 0.417000 0.011333 0.011333
0 0.703833 0.362167 0.013667 0.013000
0 0.737667 0.377167 0.013333 0.013000
0 0.764500 0.353833 0.017000 0.012333
0 0.833500 0.353167 0.015667 0.011000
0 0.827667 0.406167 0.014667 0.012333
0 0.795833 0.493500 0.008333 0.013000
0 0.850000 0.490167 0.012000 0.009667
0 0.878500 0.428500 0.010333 0.008333
0 0.882167 0.489667 0.012333 0.009333
0 0.923167 0.503000 0.019667 0.022667
0 0.973667 0.522833 0.010667 0.013000
0 0.926500 0.429167 0.009667 0.008333
0 0.928500 0.447500 0.009667 0.008333
0 0.945500 0.435833 0.009667 0.012333
0 0.979333 0.434333 0.012667 0.012000
0 0.954167 0.456500 0.012333 0.012333
0 0.947833 0.464500 0.015000 0.008333
0 0.936167 0.475500 0.010333 0.008333
0 0.987500 0.478667 0.006333 0.008000
0 0.981167 0.505167 0.009000 0.007000
