0 0.342000 0.602500 0.019333 0.023000
0 0.473333 0.643500 0.018667 0.021667
0 0.519333 0.669500 0.017333 0.015667
0 0.583500 0.672667 0.021000 0.017333
0 0.680667 0.655333 0.012667 0.015333
0 0.717167 0.675833 0.018333 0.012333
0 0.720000 0.668000 0.018000 0.011333
0 0.737500 0.694500 0.018333 0.015000
0 0.839167 0.450333 0.016333 0.014667
0 0.779000 0.531667 0.018667 0.013333
0 0.396833 0.215333 0.019000 0.020667
0 0.445000 0.216167 0.016667 0.024333
0 0.047833 0.265167 0.021000 0.023667
0 0.079833 0.441333 0.022333 0.017333
0 0.169500 0.548000 0.016333 0.012000
0 0.271333 0.569333 0.014000 0.016667
0 0.365167 0.362333 0.018333 0.013333
0 0.745167 0.750667 0.013000 0.012667
