0 0.625333 0.356833 0.021333 0.022333
0 0.582000 0.504500 0.024667 0.023667
0 0.764500 0.205500 0.027000 0.023000
0 0.877500 0.141333 0.021000 0.021333
0 0.807167 0.257667 0.015667 0.028000
0 0.483000 0.034333 0.024000 0.022000
0 0.512000 0.090500 0.024667 0.022333
0 0.144667 0.157833 0.034667 0.029000
0 0.336667 0.370500 0.029333 0.030333
0 0.141500 0.529167 0.013000 0.022333
0 0.011333 0.561833 0.013333 0.018333
0 0.043833 0.736333 0.014333 0.015333
0 0.106333 0.663167 0.020667 0.015667
0 0.150833 0.632833 0.023667 0.019667
0 0.162833 0.693333 0.021667 0.018667
0 0.319667 0.686667 0.023333 0.014667
0 0.302667 0.662500 0.018667 0.021000
0 0.297000 0.577000 0.016667 0.016667
0 0.365667 0.680333 0.022667 0.019333
0 0.389833 0.824333 0.017667 0.016667
0 0.524833 0.923000 0.019000 0.018000
0 0.279667 0.845333 0.020000 0.015333
0 0.661833 0.791167 0.016333 0.017000
0 0.711500 0.776500 0.019000 0.017667
0 0.750333 0.848833 0.016667 0.016333
0 0.738000 0.870667 0.013333 0.022000
0 0.701667 0.917333 0.010667 0.010667
0 0.555833 0.912833 0.007667 0.007667
0 0.101833 0.706000 0.019667 0.016667
0 0.120167 0.854833 0.021667 0.022333
0 0.400833 0.962667 0.011667 0.011333
0 0.415167 0.980167 0.009667 0.009000
0 0.587500 0.934667 0.009000 0.009333
0 0.598833 0.791333 0.009667 0.008667
0 0.662333 0.869833 0.007333 0.007000
0 0.682667 0.808333 0.009333 0.009333
0 0.076167 0.041667 0.023667 0.029333
0 0.751667 0.626333 0.016000 0.017333
