0 0.579667 0.265167 0.014000 0.015667
0 0.575500 0.318833 0.021000 0.023667
0 0.513500 0.350000 0.017000 0.013333
0 0.691167 0.477667 0.011667 0.014667
0 0.617833 0.455667 0.013667 0.015333
0 0.677833 0.594667 0.015000 0.010000
0 0.833333 0.610167 0.014000 0.015000
0 0.682667 0.634500 0.014667 0.009667
0 0.610500 0.638833 0.018333 0.011667
0 0.529667 0.624667 0.012667 0.014000
0 0.534167 0.710333 0.015667 0.011333
0 0.686000 0.708500 0.010667 0.016333
0 0.717833 0.880000 0.018333 0.016667
0 0.748000 0.938833 0.008667 0.016333
0 0.662333 0.906333 0.012000 0.016000
0 0.611000 0.903833 0.008000 0.012333
0 0.428167 0.927667 0.012333 0.014667
0 0.507667 0.867333 0.009333 0.007333
0 0.580833 0.063667 0.007000 0.006667
0 0.433833 0.106333 0.013667 0.014000
0 0.654333 0.243167 0.006000 0.005667
0 0.979833 0.681333 0.013667 0.013333
0 0.770667 0.598333 0.006667 0.004667
