0 0.391667 0.477333 0.007333 0.009333
0 0.257167 0.541167 0.007000 0.006333
0 0.429667 0.482000 0.008667 0.008667
0 0.102333 0.259833 0.006667 0.007000
0 0.010833 0.248500 0.008333 0.009000
0 0.143833 0.434667 0.007000 0.008667
0 0.200667 0.454000 0.008667 0.008667
0 0.145500 0.594667 0.009000 0.006000
0 0.204833 0.665500 0.009000 0.007000
0 0.176500 0.722333 0.007667 0.006667
0 0.033167 0.938167 0.009000 0.007667
0 0.536667 0.307333 0.006667 0.010667
0 0.531667 0.356000 0.006667 0.011333
0 0.626167 0.438833 0.009000 0.007000
0 0.641833 0.228333 0.010333 0.007333
0 0.776167 0.305167 0.007000 0.010333
0 0.714167 0.299167 0.009000 0.007667
0 0.775833 0.274833 0.007000 0.008333
0 0.416000 0.230500 0.008000 0.006333
0 0.412000 0.240667 0.004667 0.011333
0 0.478667 0.165500 0.006667 0.013000
0 0.535167 0.127833 0.005667 0.010333
0 0.193167 0.130667 0.007667 0.009333
0 0.049833 0.163667 0.007667 0.009333
0 0.073167 0.144000 0.009000 0.006000
0 0.168000 0.275833 0.006000 0.006333
0 0.188500 0.346333 0.008333 0.007333
0 0.099833 0.493167 0.007000 0.006333
0 0.680000 0.092333 0.006667 0.010000
0 0.740833 0.045500 0.010333 0.006333
0 0.864167 0.352500 0.006333 0.006333
0 0.749333 0.394167 0.009333 0.008333
0 0.706667 0.403000 0.008667 0.008667
0 0.769000 0.471500 0.005333 0.007667
0 0.557167 0.561333 0.008333 0.005333
0 0.598167 0.620167 0.008333 0.011667
0 0.625833 0.605000 0.006333 0.008667
0 0.584000 0.670333 0.006667 0.007333
0 0.596333 0.653500 0.005333 0.008333
0 0.481500 0.707000 0.008333 0.007333
0 0.693333 0.805000 0.006667 0.006667
0 0.665167 0.814333 0.006333 0.006000
0 0.529667 0.914167 0.005333 0.007000
0 0.709500 0.919833 0.008333 0.007000
0 0.938000 0.652667 0.007333 0.006667
0 0.729167 0.604000 0.006333 0.007333
0 0.756000 0.672833 0.012000 0.009000
0 0.605333 0.691333 0.005333 0.010000
0 0.863000 0.887667 0.008667 0.008667
0 0.798833 0.766333 0.005667 0.006000
0 0.097000 0.909167 0.007333 0.007000
0 0.166167 0.566833 0.005000 0.007000
0 0.237667 0.581333 0.004667 0.007333
0 0.141000 0.473000 0.006000 0.004667
0 0.152000 0.496833 0.005333 0.006333
0 0.252333 0.211333 0.004667 0.005333
0 0.251000 0.232000 0.004667 0.006667
0 0.034667 0.262167 0.006000 0.006333
0 0.458167 0.168667 0.005667 0.006000
0 0.902333 0.036000 0.007333 0.007333
0 0.870167 0.056333 0.006333 0.006000
0 0.921667 0.184000 0.008000 0.008000
0 0.976667 0.216333 0.008000 0.008667
0 0.951500 0.226833 0.004333 0.007000
0 0.877667 0.027167 0.007333 0.007000
0 0.955167 0.058500 0.005667 0.011000
0 0.977833 0.055167 0.005000 0.005000
0 0.903000 0.017333 0.006667 0.006000
0 0.788500 0.280000 0.007667 0.004667
0 0.708333 0.992500 0.006667 0.005000
0 0.934333 0.305000 0.006000 0.005333
0 0.845833 0.040500 0.004333 0.005000
0 0.536167 0.092000 0.004333 0.005333
0 0.106333 0.049167 0.004667 0.005000
0 0.036333 0.173000 0.005333 0.005333
0 0.142000 0.373167 0.008667 0.007000
0 0.002333 0.628167 0.003333 0.007000
0 0.213167 0.696500 0.003000 0.005667
0 0.120667 0.213000 0.005333 0.006000
