0 0.054833 0.668333 0.014333 0.011333
0 0.088167 0.582167 0.014333 0.011667
0 0.093000 0.597333 0.021333 0.009333
0 0.141667 0.672833 0.017333 0.014333
0 0.287000 0.699833 0.016000 0.013667
0 0.254833 0.679500 0.015667 0.012333
0 0.312333 0.637833 0.010667 0.013000
0 0.320833 0.630167 0.012333 0.011667
0 0.429000 0.692167 0.011333 0.013000
0 0.427833 0.718667 0.013000 0.012667
0 0.425333 0.802500 0.014667 0.013000
0 0.450333 0.800833 0.014000 0.017000
0 0.557667 0.696333 0.012000 0.014000
0 0.588833 0.692833 0.018333 0.013667
0 0.660000 0.713333 0.011333 0.014667
0 0.647000 0.655833 0.014000 0.013000
0 0.619667 0.625000 0.012667 0.014000
0 0.616167 0.649167 0.013000 0.012333
0 0.725500 0.601500 0.011667 0.016333
0 0.604000 0.564500 0.016000 0.012333
0 0.582667 0.599667 0.014667 0.014667
0 0.746833 0.453833 0.014333 0.012333
0 0.696000 0.494500 0.008667 0.013000
0 0.689167 0.491333 0.010333 0.012000
0 0.674500 0.492667 0.006333 0.012667
0 0.621500 0.443500 0.014333 0.011000
0 0.640167 0.418667 0.013667 0.014000
0 0.693500 0.389667 0.011667 0.010667
0 0.667167 0.393000 0.011667 0.007333
0 0.668833 0.387500 0.011667 0.009000
0 0.592000 0.375333 0.012000 0.014000
0 0.510000 0.400333 0.014000 0.012000
0 0.410667 0.354167 0.011333 0.016333
0 0.399333 0.424333 0.012000 0.015333
0 0.319667 0.352500 0.014000 0.013667
0 0.248000 0.364000 0.014667 0.014000
0 0.275000 0.433000 0.016000 0.015333
0 0.151167 0.396167 0.011000 0.014333
0 0.161833 0.420000 0.013667 0.012667
0 0.214167 0.461667 0.013667 0.016000
0 0.215333 0.482667 0.017333 0.013333
0 0.377667 0.560000 0.015333 0.013333
0 0.530167 0.590500 0.012333 0.014333
0 0.611167 0.789333 0.010333 0.010000
0 0.798333 0.513833 0.010667 0.016333
0 0.809167 0.517833 0.011000 0.009667
0 0.856333 0.495333 0.014000 0.015333
0 0.875333 0.489500 0.013333 0.009667
0 0.877333 0.527333 0.016667 0.014667
0 0.884833 0.608167 0.018333 0.019667
0 0.953167 0.569000 0.012333 0.014667
0 0.858667 0.371333 0.016667 0.013333
0 0.848000 0.309500 0.014000 0.011667
0 0.873000 0.282333 0.017333 0.013333
0 0.875500 0.301500 0.017000 0.011000
0 0.906833 0.292833 0.017000 0.015667
0 0.904500 0.236333 0.012333 0.013333
0 0.923333 0.233333 0.014000 0.017333
0 0.960167 0.314667 0.013000 0.015333
0 0.986667 0.296667 0.011333 0.009333
0 0.990667 0.322833 0.014000 0.013667
0 0.990333 0.345667 0.012667 0.010000
0 0.960000 0.377833 0.012667 0.014333
