0 0.479167 0.433500 0.013000 0.015000
0 0.358333 0.436000 0.014000 0.011333
0 0.290167 0.407000 0.015667 0.017333
0 0.280500 0.464667 0.014333 0.016667
0 0.290667 0.466833 0.008000 0.018333
0 0.301167 0.466833 0.015667 0.018333
0 0.364500 0.553333 0.018333 0.018667
0 0.480667 0.550000 0.010000 0.014000
0 0.490667 0.525167 0.012667 0.011667
0 0.499167 0.507000 0.011667 0.016000
0 0.395500 0.535167 0.013667 0.016333
0 0.369000 0.511500 0.015333 0.015667
0 0.381000 0.516333 0.014000 0.011333
0 0.211500 0.357167 0.017667 0.016333
0 0.186333 0.310333 0.026000 0.021333
0 0.804167 0.320833 0.019000 0.029000
0 0.772667 0.433333 0.014000 0.014000
0 0.862833 0.496667 0.020333 0.013333
0 0.771333 0.655667 0.018000 0.018000
0 0.697000 0.632333 0.017333 0.014667
0 0.693333 0.673833 0.014667 0.017667
0 0.637000 0.757500 0.014000 0.018333
0 0.619500 0.649167 0.014333 0.018333
0 0.534167 0.665167 0.016333 0.015000
0 0.014500 0.820500 0.020333 0.021000
0 0.065167 0.875833 0.024333 0.021000
0 0.755833 0.200500 0.025000 0.027000
0 0.726000 0.260333 0.026000 0.024667
0 0.836333 0.013167 0.025333 0.023000
