0 0.188000 0.646667 0.022667 0.017333
0 0.197833 0.589667 0.018333 0.025333
0 0.295000 0.537833 0.021333 0.020333
0 0.335500 0.558833 0.021667 0.016333
0 0.393167 0.582333 0.017000 0.018000
0 0.418333 0.543833 0.017333 0.020333
0 0.272167 0.483500 0.017000 0.018333
0 0.327833 0.434500 0.019000 0.019667
0 0.440667 0.892333 0.016000 0.016000
0 0.623333 0.782333 0.010667 0.015333
0 0.599667 0.806333 0.011333 0.014667
0 0.598833 0.832667 0.015667 0.016667
0 0.445667 0.483000 0.014667 0.021333
0 0.499833 0.388833 0.017000 0.021000
0 0.439333 0.296167 0.022000 0.022333
0 0.562500 0.271333 0.013000 0.020667
0 0.257833 0.281667 0.035000 0.025333
0 0.413167 0.138333 0.020333 0.018667
0 0.547500 0.245667 0.017667 0.022000
0 0.599167 0.164500 0.015000 0.017000
0 0.158000 0.374167 0.018000 0.021667
0 0.334500 0.043333 0.026333 0.015333
0 0.399500 0.043333 0.020333 0.016667
0 0.223500 0.165000 0.016333 0.014000
0 0.607833 0.338500 0.019667 0.021000
0 0.628500 0.411833 0.023000 0.021000
0 0.656500 0.369000 0.030333 0.026667
0 0.638000 0.273500 0.012000 0.012333
0 0.657000 0.278500 0.015333 0.019667
0 0.497167 0.052667 0.018333 0.021333
