0 0.642500 0.501000 0.015667 0.015333
0 0.597833 0.441667 0.019000 0.019333
0 0.628833 0.384167 0.012333 0.017667
0 0.550500 0.608833 0.014333 0.015000
0 0.563833 0.567500 0.012333 0.009667
0 0.414667 0.697833 0.018667 0.015667
0 0.387500 0.706000 0.016333 0.013333
0 0.540833 0.745167 0.013667 0.021000
0 0.379667 0.756167 0.018667 0.015000
0 0.427333 0.763667 0.010667 0.012000
0 0.532500 0.823500 0.015667 0.017000
0 0.523833 0.845167 0.013000 0.009667
0 0.361667 0.679500 0.014667 0.014333
0 0.344833 0.617667 0.011667 0.009333
0 0.340167 0.558000 0.020333 0.018667
0 0.293167 0.639167 0.015000 0.015000
0 0.433167 0.448000 0.019667 0.017333
0 0.120500 0.241667 0.033667 0.025333
0 0.198833 0.266833 0.020333 0.018333
0 0.241333 0.291333 0.023333 0.016667
0 0.410333 0.232833 0.028667 0.025667
0 0.220500 0.142667 0.030333 0.023333
0 0.389833 0.560333 0.017667 0.013333
0 0.282333 0.430500 0.016667 0.019000
0 0.553833 0.156000 0.021667 0.013333
0 0.215667 0.067833 0.043333 0.031667
0 0.719333 0.126833 0.012667 0.015667
