0 0.036167 0.100500 0.011667 0.010333
0 0.114667 0.094500 0.013333 0.009667
0 0.091667 0.015167 0.008667 0.009667
0 0.251333 0.033000 0.009333 0.008000
0 0.222333 0.628500 0.011333 0.009000
0 0.559333 0.763667 0.006000 0.004667
0 0.572667 0.795500 0.008000 0.007000
0 0.418167 0.655000 0.008333 0.006000
0 0.407500 0.644000 0.007000 0.009333
0 0.495333 0.643333 0.007333 0.006000
0 0.506333 0.833500 0.008667 0.008333
0 0.380667 0.803500 0.008000 0.008333
0 0.512833 0.760667 0.008333 0.008000
0 0.510500 0.752833 0.009667 0.005667
0 0.556000 0.990000 0.010000 0.006667
0 0.017333 0.867167 0.013333 0.011667
0 0.007000 0.840500 0.008000 0.008333
0 0.116667 0.983500 0.007333 0.009667
0 0.632333 0.828000 0.005333 0.008000
0 0.770333 0.992833 0.006000 0.004333
0 0.766833 0.985500 0.006333 0.005667
0 0.765333 0.978167 0.007333 0.005667
0 0.748833 0.963500 0.006333 0.005667
0 0.763833 0.960333 0.011000 0.006667
0 0.760500 0.951833 0.009000 0.007667
0 0.784667 0.952000 0.007333 0.006000
0 0.770333 0.945500 0.010000 0.005000
0 0.786833 0.928500 0.005000 0.005000
0 0.858167 0.940333 0.005000 0.006667
0 0.833833 0.962167 0.005667 0.006333
0 0.814500 0.855333 0.004333 0.006000
0 0.821667 0.871000 0.005333 0.004667
0 0.804167 0.907500 0.005000 0.004333
0 0.771833 0.864667 0.003667 0.004000
0 0.773167 0.851667 0.005000 0.005333
0 0.796167 0.784500 0.005667 0.004333
0 0.840167 0.784167 0.005667 0.005000
0 0.781167 0.758167 0.005000 0.004333
0 0.797833 0.747000 0.005667 0.005333
0 0.752833 0.741667 0.005667 0.005333
0 0.764500 0.714167 0.005000 0.007000
0 0.817833 0.718333 0.005667 0.005333
0 0.840000 0.673500 0.004667 0.005000
0 0.828000 0.682500 0.006667 0.003667
0 0.883000 0.444167 0.006000 0.010333
0 0.852000 0.512333 0.007333 0.008667
0 0.885833 0.590167 0.006333 0.006333
0 0.899167 0.598000 0.009000 0.007333
0 0.958667 0.421333 0.006667 0.008000
0 0.930667 0.454667 0.004667 0.006000
0 0.948500 0.467667 0.007667 0.006000
0 0.723500 0.019167 0.007000 0.005000
0 0.734333 0.003333 0.007333 0.006000
0 0.769167 0.013000 0.007667 0.006000
0 0.691667 0.110500 0.007333 0.007000
0 0.529667 0.324500 0.006667 0.007000
0 0.528000 0.512500 0.010667 0.009667
0 0.516167 0.543167 0.009000 0.009000
0 0.544500 0.514000 0.009000 0.010000
0 0.560167 0.506333 0.010333 0.008667
0 0.589000 0.466833 0.009333 0.007667
0 0.613667 0.506167 0.006667 0.006333
0 0.521000 0.413167 0.009333 0.007667
0 0.626500 0.701000 0.007000 0.008667
0 0.646500 0.684000 0.008333 0.008000
0 0.706000 0.606333 0.008667 0.008667
0 0.685000 0.685167 0.008000 0.007667
0 0.653000 0.511500 0.007333 0.009667
0 0.565167 0.492167 0.007667 0.008333
0 0.525000 0.557333 0.006667 0.008000
0 0.658167 0.647333 0.007000 0.007333
0 0.703500 0.669167 0.005667 0.007667
0 0.701167 0.634667 0.008333 0.008667
0 0.640833 0.707167 0.008333 0.007667
0 0.664833 0.696833 0.007667 0.007000
0 0.695833 0.589500 0.012333 0.008333
0 0.671500 0.684667 0.007000 0.008667
0 0.916667 0.166500 0.006000 0.009667
0 0.620167 0.495333 0.009000 0.008667
0 0.062167 0.117167 0.005667 0.007000
0 0.290167 0.005667 0.008333 0.008667
0 0.429333 0.021500 0.006000 0.005667
0 0.475667 0.244333 0.008000 0.008000
0 0.874833 0.588667 0.006333 0.008000
0 0.862833 0.843833 0.006333 0.007000
0 0.927667 0.980333 0.006667 0.007333
0 0.829667 0.944667 0.009333 0.008000
0 0.531667 0.799000 0.006667 0.006667
0 0.609167 0.861000 0.007667 0.008667
0 0.086333 0.951667 0.006667 0.008667
0 0.004333 0.353833 0.005333 0.007667
0 0.065500 0.359667 0.008333 0.008000
0 0.366000 0.081333 0.006000 0.005333
0 0.466333 0.503000 0.005333 0.008000
0 0.507167 0.524833 0.005667 0.007000
0 0.630667 0.552500 0.006667 0.007000
0 0.616667 0.632667 0.006667 0.007333
0 0.644500 0.664667 0.004333 0.006667
0 0.688333 0.701833 0.004667 0.005000
0 0.716500 0.632667 0.006333 0.006667
0 0.710167 0.642500 0.005000 0.009667
0 0.590500 0.654500 0.005000 0.005000
0 0.628167 0.677667 0.007000 0.008667
0 0.649667 0.711333 0.006667 0.005333
0 0.895333 0.543000 0.006000 0.006000
0 0.637833 0.652500 0.006333 0.006333
0 0.614833 0.668333 0.007000 0.008000
0 0.690333 0.620167 0.008667 0.007000
0 0.663667 0.567167 0.006000 0.007667
0 0.626000 0.598333 0.006667 0.007333
0 0.531500 0.464333 0.005667 0.004667
0 0.596833 0.439167 0.007667 0.010333
0 0.633667 0.480167 0.006667 0.006333
0 0.622333 0.413000 0.009333 0.007333
0 0.657333 0.374000 0.004667 0.007333
0 0.498333 0.427167 0.007333 0.007000
0 0.551833 0.491167 0.007667 0.007667
