0 0.374000 0.785833 0.017333 0.013000
0 0.489000 0.772000 0.016667 0.016000
0 0.510833 0.629000 0.021667 0.016667
0 0.569000 0.702500 0.017333 0.011667
0 0.613500 0.731000 0.009000 0.016000
0 0.685000 0.734167 0.010000 0.013667
0 0.697833 0.741000 0.014333 0.007333
0 0.729500 0.693000 0.014333 0.013333
0 0.779167 0.696333 0.013000 0.011333
0 0.789667 0.610333 0.014000 0.012000
0 0.731333 0.572500 0.015333 0.011000
0 0.843667 0.562500 0.012667 0.014333
0 0.644333 0.526167 0.017333 0.011000
0 0.602333 0.510667 0.018000 0.013333
0 0.831833 0.508833 0.011667 0.013000
0 0.793667 0.474833 0.014000 0.012333
0 0.860333 0.458000 0.014000 0.014667
0 0.832833 0.447000 0.014333 0.012000
0 0.789000 0.445000 0.015333 0.012667
0 0.624333 0.421167 0.010667 0.010333
0 0.607333 0.402000 0.018667 0.011333
0 0.635000 0.361667 0.011333 0.014667
0 0.654500 0.347667 0.015667 0.013333
0 0.564500 0.326167 0.017667 0.013000
0 0.474667 0.323167 0.014667 0.011667
0 0.589333 0.212000 0.012667 0.015333
0 0.500500 0.267333 0.015000 0.012667
0 0.493667 0.220500 0.014000 0.014333
0 0.490833 0.249500 0.014333 0.014333
0 0.416000 0.216000 0.016667 0.016667
0 0.401500 0.299667 0.011667 0.012667
0 0.470833 0.466500 0.018333 0.015667
0 0.486000 0.514833 0.019333 0.019000
0 0.368000 0.590667 0.022667 0.021333
0 0.325333 0.429167 0.020000 0.015000
0 0.283333 0.508000 0.010667 0.022000
0 0.269333 0.632500 0.020667 0.017000
0 0.167833 0.591667 0.019667 0.020000
0 0.156667 0.544833 0.013333 0.015000
0 0.146667 0.542500 0.014667 0.022333
0 0.206500 0.518667 0.019667 0.016000
0 0.256500 0.425833 0.014333 0.015000
0 0.212333 0.270500 0.016000 0.017667
0 0.200500 0.232500 0.018333 0.017000
0 0.222000 0.218333 0.014000 0.018000
0 0.176167 0.154667 0.017667 0.015333
0 0.084833 0.225000 0.017000 0.013333
0 0.079833 0.297667 0.018333 0.012667
