0 0.658667 0.315667 0.016000 0.019333
0 0.433000 0.316333 0.018667 0.016667
0 0.618000 0.434667 0.015333 0.020000
0 0.387667 0.479333 0.017333 0.014667
0 0.437500 0.564333 0.021000 0.013333
0 0.668333 0.674000 0.016000 0.018667
0 0.708500 0.670667 0.020333 0.016667
0 0.445500 0.688667 0.019000 0.016000
0 0.387167 0.550500 0.020333 0.018333
0 0.400167 0.568833 0.026333 0.016333
0 0.353167 0.707333 0.018333 0.014667
0 0.261167 0.437000 0.015000 0.014000
0 0.261333 0.525833 0.022667 0.018333
0 0.220167 0.550500 0.019000 0.015000
0 0.262333 0.578500 0.019333 0.015000
0 0.287000 0.142000 0.024667 0.022667
0 0.559667 0.060667 0.018000 0.016000
0 0.582000 0.106167 0.020000 0.015667
0 0.577167 0.142500 0.019667 0.018333
0 0.776167 0.205333 0.017667 0.016000
0 0.867667 0.157833 0.019333 0.015667
0 0.764667 0.267500 0.016667 0.014333
0 0.807000 0.249000 0.018000 0.024667
0 0.550500 0.776167 0.021667 0.017667
0 0.737667 0.735000 0.017333 0.017333
0 0.727167 0.750833 0.013667 0.019000
0 0.595000 0.934833 0.016667 0.020333
0 0.415333 0.894667 0.023333 0.026667
0 0.438667 0.980833 0.021333 0.021000
0 0.158833 0.613167 0.026333 0.019667
0 0.145000 0.463167 0.022000 0.019000
0 0.231167 0.046333 0.025000 0.024667
0 0.488500 0.069333 0.009000 0.012000
0 0.749500 0.554000 0.016333 0.015333
0 0.313000 0.392667 0.008000 0.008000
