0 0.172833 0.322500 0.023667 0.020333
0 0.237833 0.475000 0.008333 0.008000
0 0.249333 0.478500 0.016667 0.022333
0 0.481833 0.513667 0.019000 0.018667
0 0.259000 0.657000 0.012000 0.015333
0 0.210000 0.632333 0.006667 0.009333
0 0.309000 0.705667 0.006667 0.008667
0 0.763667 0.443833 0.005333 0.007667
0 0.418500 0.308833 0.005667 0.009000
0 0.424500 0.306667 0.005000 0.008667
0 0.464833 0.264667 0.006333 0.006000
0 0.540833 0.242167 0.007000 0.007000
0 0.553167 0.243667 0.006333 0.006000
0 0.515667 0.219833 0.006667 0.006333
0 0.298833 0.306500 0.007000 0.007000
0 0.329500 0.301000 0.006333 0.006667
0 0.350500 0.317000 0.008333 0.006000
0 0.344167 0.358667 0.005667 0.007333
0 0.244833 0.305500 0.007000 0.009667
0 0.191333 0.444500 0.009333 0.008333
0 0.172500 0.458000 0.007000 0.008000
0 0.124667 0.405500 0.006667 0.009667
0 0.093833 0.332167 0.007667 0.007000
0 0.121167 0.333333 0.019000 0.017333
0 0.159833 0.280833 0.013000 0.016333
0 0.349500 0.278500 0.010333 0.018333
0 0.380500 0.269000 0.007000 0.006667
0 0.088000 0.279667 0.008000 0.008667
0 0.109333 0.273000 0.006667 0.008000
0 0.689500 0.275500 0.007000 0.007000
0 0.735333 0.345667 0.008667 0.007333
0 0.830667 0.785167 0.008000 0.009667
0 0.719833 0.798667 0.007667 0.012000
0 0.578167 0.171667 0.005667 0.007333
0 0.590667 0.089667 0.006000 0.006000
0 0.765000 0.299500 0.004667 0.007000
0 0.731833 0.267667 0.005667 0.006000
0 0.782000 0.384833 0.005333 0.007000
0 0.846000 0.578500 0.007333 0.006333
0 0.829000 0.672833 0.007333 0.008333
0 0.776000 0.767167 0.007333 0.010333
0 0.323167 0.793833 0.006333 0.007667
0 0.250500 0.534167 0.006333 0.008333
0 0.170667 0.493500 0.006000 0.005667
0 0.204833 0.420667 0.007667 0.008000
0 0.218000 0.337667 0.006667 0.007333
0 0.030833 0.362000 0.007667 0.008000
0 0.389667 0.320000 0.006000 0.005333
0 0.481833 0.341667 0.005667 0.006667
0 0.477500 0.242167 0.004333 0.007000
0 0.497333 0.300667 0.005333 0.006000
0 0.513333 0.280833 0.004000 0.006333
0 0.675667 0.321833 0.005333 0.005000
0 0.594833 0.255667 0.005667 0.006667
0 0.464167 0.364500 0.005667 0.005000
0 0.149667 0.488500 0.006667 0.005667
0 0.249500 0.449833 0.005667 0.007000
0 0.138833 0.050000 0.015000 0.010000
0 0.024167 0.137333 0.021000 0.020667
0 0.872833 0.631667 0.007667 0.006000
0 0.690667 0.784000 0.009333 0.008667
0 0.489000 0.777000 0.006000 0.006000
0 0.620167 0.789167 0.008333 0.007667
0 0.622167 0.811667 0.009000 0.008000
0 0.401500 0.757167 0.007000 0.005667
0 0.347500 0.818000 0.007000 0.007333
0 0.265000 0.703833 0.006000 0.006333
0 0.338667 0.470667 0.012000 0.008667
0 0.492167 0.392000 0.008333 0.006667
0 0.407667 0.341333 0.006667 0.007333
0 0.376333 0.548333 0.010667 0.008000
0 0.634500 0.409833 0.008333 0.009000
0 0.599167 0.219167 0.005000 0.006333
0 0.573333 0.252667 0.006667 0.006667
0 0.447500 0.293167 0.005000 0.005000
0 0.373000 0.097000 0.022000 0.022667
