0 0.377667 0.111500 0.008000 0.007667
0 0.423500 0.095000 0.008333 0.008000
0 0.615667 0.039000 0.010667 0.009333
0 0.816500 0.271167 0.010333 0.009000
0 0.572333 0.218500 0.013333 0.011667
0 0.440000 0.405667 0.009333 0.011333
0 0.714167 0.359833 0.008333 0.009000
0 0.967333 0.431000 0.010000 0.009333
0 0.995333 0.416333 0.008667 0.009333
0 0.536500 0.753000 0.013667 0.012000
0 0.484500 0.833167 0.007667 0.009667
0 0.406167 0.841167 0.008333 0.009000
0 0.313000 0.928333 0.006000 0.010000
0 0.581333 0.479333 0.009333 0.011333
0 0.649000 0.448667 0.010667 0.014667
0 0.614667 0.549500 0.009333 0.009000
0 0.463500 0.485667 0.005667 0.012000
0 0.777167 0.515500 0.005000 0.010333
0 0.817333 0.740833 0.008667 0.011000
0 0.874833 0.919333 0.006333 0.009333
0 0.568833 0.983000 0.007000 0.006667
0 0.574333 0.976000 0.006000 0.007333
0 0.580667 0.863500 0.009333 0.009000
0 0.243333 0.614500 0.006667 0.007667
0 0.187833 0.658667 0.007667 0.008000
0 0.654167 0.040667 0.004333 0.007333
0 0.623667 0.382500 0.010000 0.008333
0 0.564333 0.937667 0.006000 0.008000
0 0.566833 0.849167 0.005000 0.006333
0 0.606333 0.617500 0.008000 0.007667
0 0.973500 0.609167 0.004333 0.009000
0 0.854333 0.834000 0.004667 0.006000
0 0.947333 0.927833 0.004667 0.008333
0 0.427000 0.953000 0.006667 0.010000
0 0.411167 0.612833 0.006333 0.009000
0 0.610167 0.252667 0.005000 0.008667
0 0.484000 0.121167 0.006667 0.008333
0 0.044667 0.410833 0.014000 0.012333
0 0.007833 0.401167 0.013667 0.007667
0 0.018833 0.526167 0.013000 0.011667
0 0.070333 0.583500 0.011333 0.010333
0 0.040333 0.601333 0.013333 0.011333
0 0.037833 0.619000 0.013667 0.013333
0 0.040667 0.276000 0.012667 0.013333
0 0.012167 0.453500 0.010333 0.008333
0 0.022500 0.511167 0.010333 0.008333
0 0.699000 0.493167 0.012000 0.009000
0 0.701333 0.479000 0.009333 0.011333
0 0.733833 0.512667 0.008333 0.008667
0 0.768833 0.372167 0.011000 0.010333
0 0.063500 0.648667 0.009000 0.010667
0 0.086500 0.620667 0.010333 0.009333
