0 0.455167 0.680667 0.011667 0.014000
0 0.446167 0.605167 0.013000 0.011667
0 0.419333 0.521333 0.010667 0.009333
0 0.436333 0.526333 0.014667 0.012667
0 0.533833 0.544500 0.014333 0.011667
0 0.351667 0.465833 0.010667 0.011000
0 0.482333 0.487667 0.014000 0.010667
0 0.508500 0.505333 0.011000 0.010000
0 0.539667 0.436333 0.018667 0.012000
0 0.583000 0.429833 0.018000 0.017667
0 0.362333 0.439000 0.008000 0.015333
0 0.287000 0.289000 0.014667 0.012000
0 0.228667 0.043167 0.009333 0.019000
0 0.709833 0.035667 0.018333 0.008667
0 0.574667 0.222667 0.010667 0.014000
0 0.596667 0.356833 0.012667 0.014333
0 0.605333 0.392833 0.015333 0.015667
0 0.593667 0.442167 0.015333 0.009000
0 0.309500 0.082333 0.013000 0.012667
