0 0.565000 0.435167 0.018000 0.025667
0 0.696667 0.365167 0.018000 0.012333
0 0.679333 0.438000 0.014000 0.019333
0 0.885667 0.250333 0.016667 0.018667
0 0.737167 0.110833 0.015667 0.011000
0 0.749500 0.263667 0.024333 0.018667
0 0.713333 0.591333 0.017333 0.016667
0 0.457333 0.646667 0.016667 0.015333
0 0.370333 0.678000 0.020000 0.018000
0 0.134667 0.936833 0.011333 0.015667
0 0.525333 0.520667 0.017333 0.013333
0 0.322500 0.271667 0.023667 0.026000
0 0.152500 0.234167 0.009667 0.009000
0 0.564833 0.709833 0.011000 0.008333
0 0.673000 0.712167 0.009333 0.009000
0 0.560833 0.748500 0.009000 0.006333
0 0.788667 0.618833 0.010667 0.009000
0 0.782167 0.644167 0.007000 0.007667
0 0.618167 0.541000 0.009667 0.010000
0 0.846167 0.267833 0.011667 0.012333
0 0.178500 0.148333 0.008333 0.009333
0 0.193833 0.160333 0.008333 0.009333
0 0.130333 0.298167 0.007333 0.010333
0 0.147833 0.291500 0.006333 0.007000
0 0.059667 0.369333 0.008000 0.008667
0 0.228500 0.730167 0.008333 0.007667
0 0.402833 0.783000 0.009000 0.007333
0 0.496000 0.793000 0.006667 0.008000
0 0.109667 0.855333 0.008667 0.008667
0 0.215333 0.927333 0.006000 0.009333
0 0.007833 0.918333 0.015000 0.020000
0 0.277333 0.833500 0.008667 0.008333
0 0.281000 0.698833 0.008000 0.007667
0 0.131833 0.697167 0.011000 0.010333
0 0.849833 0.219167 0.009000 0.009000
0 0.835667 0.358000 0.008000 0.007333
0 0.796333 0.470500 0.008667 0.011000
0 0.638167 0.637333 0.008333 0.008667
0 0.384333 0.745667 0.008667 0.008667
0 0.439667 0.793000 0.008667 0.006667
0 0.689000 0.681000 0.007333 0.007333
0 0.673667 0.734333 0.007333 0.008000
0 0.687667 0.719833 0.008667 0.007667
0 0.678000 0.320667 0.010000 0.008000
0 0.234667 0.912167 0.008000 0.008333
0 0.498500 0.809167 0.008333 0.007667
0 0.441667 0.265333 0.015333 0.014667
0 0.746333 0.312667 0.010000 0.011333
0 0.154833 0.349500 0.011000 0.011667
0 0.312333 0.494667 0.008000 0.012667
0 0.782833 0.504000 0.009000 0.010667
