0 0.608000 0.483667 0.016667 0.021333
0 0.560333 0.454000 0.015333 0.022000
0 0.594000 0.183167 0.016667 0.017667
0 0.584667 0.137500 0.020000 0.023667
0 0.749167 0.101667 0.015667 0.014667
0 0.789333 0.094000 0.012000 0.017333
0 0.443667 0.167500 0.016000 0.017667
0 0.486000 0.210833 0.020000 0.016333
0 0.559500 0.142500 0.019667 0.013000
0 0.150500 0.173500 0.019000 0.015000
0 0.194833 0.206500 0.015000 0.014333
0 0.141500 0.041500 0.015667 0.013000
0 0.360833 0.548833 0.017000 0.019000
0 0.300667 0.921000 0.014000 0.020667
0 0.589500 0.866167 0.013667 0.020333
0 0.646000 0.631167 0.015333 0.021667
0 0.345833 0.807167 0.007000 0.006333
0 0.418667 0.831167 0.010667 0.007667
0 0.388000 0.902667 0.008000 0.008000
