0 0.380667 0.222000 0.015333 0.014667
0 0.318167 0.467333 0.022333 0.025333
0 0.504667 0.413167 0.020667 0.019667
0 0.653167 0.303167 0.020333 0.014333
0 0.637833 0.325667 0.023000 0.016667
0 0.772667 0.369333 0.016667 0.024667
0 0.795667 0.430167 0.021333 0.022333
0 0.785667 0.447667 0.022000 0.020667
0 0.634500 0.466667 0.019667 0.019333
0 0.802833 0.500833 0.019667 0.019000
0 0.477667 0.679333 0.025333 0.028667
0 0.592333 0.880167 0.016667 0.027000
0 0.669833 0.778667 0.023667 0.016000
0 0.735333 0.629000 0.013333 0.020000
0 0.735000 0.673000 0.016000 0.019333
0 0.778167 0.651667 0.018333 0.020667
0 0.834000 0.598833 0.025333 0.021667
0 0.848000 0.572167 0.015333 0.019000
0 0.926500 0.714333 0.013000 0.014667
