0 0.396667 0.636000 0.016667 0.014667
0 0.387000 0.663167 0.012667 0.009667
0 0.482667 0.495167 0.019333 0.013667
0 0.511333 0.558167 0.015333 0.013000
0 0.600667 0.580167 0.017333 0.013667
0 0.644500 0.651500 0.011000 0.013667
0 0.668000 0.933167 0.013333 0.014333
0 0.615333 0.779500 0.009333 0.017667
0 0.576667 0.787667 0.018667 0.012000
0 0.495500 0.860500 0.007667 0.013000
0 0.418333 0.773167 0.016667 0.008333
0 0.369333 0.482833 0.007333 0.006333
0 0.414167 0.331333 0.015000 0.014000
0 0.441833 0.309333 0.019667 0.018000
0 0.467167 0.350833 0.017667 0.015000
0 0.505167 0.265167 0.015667 0.015667
0 0.573000 0.276167 0.018667 0.016333
0 0.585667 0.428167 0.014000 0.019667
0 0.756833 0.282500 0.020333 0.013667
0 0.791167 0.390000 0.016333 0.016667
0 0.724667 0.383333 0.022667 0.014000
0 0.803833 0.260833 0.016333 0.014333
0 0.810500 0.348000 0.010333 0.012667
0 0.674167 0.109167 0.013667 0.017000
0 0.694333 0.858167 0.018000 0.014333
0 0.736833 0.891167 0.015000 0.023000
0 0.814833 0.784667 0.015667 0.015333
0 0.302833 0.443500 0.005667 0.007000
0 0.740000 0.208000 0.014667 0.012000
0 0.714333 0.280500 0.014667 0.013667
0 0.496167 0.336833 0.017667 0.013667
