0 0.348500 0.493833 0.016333 0.021667
0 0.375500 0.484500 0.017000 0.020333
0 0.394667 0.472333 0.016667 0.022000
0 0.460167 0.470500 0.015667 0.017000
0 0.472333 0.565833 0.011333 0.017000
0 0.324167 0.605333 0.013667 0.014000
0 0.423000 0.404333 0.012667 0.018667
0 0.458500 0.403667 0.024333 0.014667
0 0.217833 0.338333 0.011000 0.008000
0 0.441833 0.307500 0.011667 0.015667
0 0.290333 0.303667 0.014000 0.010667
0 0.269333 0.478667 0.012667 0.008667
0 0.211167 0.436833 0.013667 0.009667
0 0.239667 0.486667 0.014000 0.013333
0 0.326667 0.528500 0.018667 0.026333
0 0.287333 0.495000 0.016667 0.013333
0 0.250500 0.573000 0.016333 0.012667
0 0.374333 0.647500 0.015333 0.016333
0 0.312667 0.699667 0.014000 0.010000
0 0.481833 0.762833 0.013667 0.012333
0 0.518500 0.736833 0.015667 0.011667
0 0.535333 0.741167 0.015333 0.013000
0 0.773333 0.610167 0.014667 0.015667
0 0.795833 0.646333 0.013000 0.008667
0 0.822500 0.575167 0.011000 0.015667
0 0.896667 0.338167 0.018000 0.017667
0 0.732167 0.302167 0.020333 0.020333
0 0.666333 0.271000 0.018000 0.016667
0 0.815333 0.205833 0.019333 0.013000
0 0.636000 0.178167 0.014667 0.017667
0 0.749000 0.264167 0.016667 0.017000
0 0.569833 0.056000 0.018333 0.016667
0 0.745333 0.035000 0.015333 0.015333
0 0.480000 0.281500 0.018000 0.015000
0 0.349500 0.327833 0.012333 0.017000
0 0.293667 0.255000 0.014667 0.012667
0 0.213167 0.293000 0.014333 0.012000
0 0.200667 0.104833 0.015333 0.016333
0 0.350667 0.118667 0.012000 0.012000
0 0.251667 0.590333 0.018667 0.019333
0 0.549333 0.783667 0.012000 0.014667
0 0.297167 0.807333 0.015667 0.016667
0 0.678667 0.733667 0.016667 0.016667
0 0.316833 0.014500 0.012333 0.013000
