0 0.277333 0.544500 0.014667 0.015667
0 0.737833 0.416167 0.008333 0.007000
0 0.732000 0.491500 0.006000 0.006333
0 0.720667 0.556833 0.006667 0.007000
0 0.747500 0.491667 0.007667 0.008000
0 0.427333 0.546667 0.006667 0.009333
0 0.400333 0.437667 0.010000 0.011333
0 0.390500 0.500667 0.007000 0.008667
0 0.278000 0.462000 0.006000 0.010000
0 0.366000 0.469000 0.006000 0.005333
0 0.357000 0.480000 0.007333 0.006667
0 0.263500 0.633667 0.009000 0.011333
0 0.119333 0.480500 0.006667 0.007000
0 0.253167 0.607500 0.008333 0.009000
0 0.361833 0.724000 0.010333 0.010000
0 0.147167 0.755333 0.008333 0.008667
0 0.156333 0.764833 0.004667 0.009667
0 0.315833 0.698167 0.009667 0.007000
0 0.173333 0.622500 0.006667 0.006333
0 0.311333 0.167667 0.005333 0.006667
0 0.371833 0.286333 0.007000 0.004667
0 0.446500 0.067833 0.006333 0.005000
0 0.442333 0.071167 0.005333 0.005000
0 0.527167 0.047833 0.009000 0.007667
0 0.551500 0.129167 0.005000 0.006333
0 0.579500 0.230333 0.007000 0.006667
0 0.654833 0.222167 0.008333 0.007000
0 0.785333 0.262500 0.005333 0.009000
0 0.945000 0.183500 0.006000 0.005667
0 0.987500 0.299000 0.009667 0.006667
0 0.800333 0.290833 0.006667 0.007000
0 0.708333 0.358333 0.006667 0.009333
0 0.780000 0.430333 0.008667 0.009333
0 0.824000 0.581167 0.008000 0.008333
0 0.861833 0.501167 0.005667 0.007667
0 0.851667 0.648333 0.010000 0.008000
0 0.859167 0.663500 0.007667 0.005667
0 0.960500 0.658667 0.006333 0.009333
0 0.953667 0.497500 0.005333 0.005000
0 0.961500 0.485000 0.006333 0.006667
0 0.978167 0.815833 0.005667 0.006333
0 0.724500 0.856500 0.005667 0.006333
0 0.615167 0.839167 0.007000 0.007667
0 0.704500 0.725167 0.005000 0.005667
0 0.709833 0.761000 0.005667 0.005333
0 0.855667 0.726667 0.006667 0.005333
0 0.868333 0.732333 0.005333 0.006667
0 0.695000 0.985833 0.006000 0.006333
0 0.626667 0.969667 0.004667 0.005333
0 0.610000 0.928500 0.006667 0.005667
0 0.695833 0.870833 0.007000 0.005667
0 0.729500 0.923833 0.005000 0.005000
0 0.503333 0.774333 0.007333 0.006667
0 0.435333 0.856833 0.006667 0.009000
0 0.423167 0.330833 0.011000 0.009000
0 0.023833 0.429833 0.013000 0.017000
0 0.081667 0.618833 0.008000 0.009000
