0 0.380500 0.584167 0.019667 0.014333
0 0.370167 0.555667 0.017667 0.009333
0 0.132000 0.476333 0.020667 0.013333
0 0.178500 0.364833 0.015667 0.013667
0 0.077833 0.412333 0.014333 0.014667
0 0.067500 0.422167 0.027000 0.015667
0 0.071667 0.212333 0.014667 0.016667
0 0.353833 0.335667 0.012333 0.014000
0 0.723667 0.319500 0.016667 0.010333
0 0.765833 0.343500 0.011667 0.021000
0 0.429500 0.549333 0.011667 0.011333
0 0.495167 0.977333 0.017667 0.011333
0 0.082167 0.561167 0.012333 0.014333
0 0.155500 0.274667 0.010333 0.008000
0 0.498833 0.457000 0.005667 0.010000
0 0.568833 0.429167 0.007000 0.007000
0 0.251333 0.561000 0.005333 0.007333
0 0.271167 0.609000 0.005667 0.008667
0 0.321833 0.833333 0.008333 0.008000
0 0.812833 0.904167 0.007000 0.009000
0 0.823333 0.509000 0.005333 0.005333
0 0.343500 0.840167 0.007000 0.007000
0 0.120167 0.639333 0.007667 0.008000
0 0.370167 0.204167 0.007667 0.009667
0 0.328500 0.270833 0.007000 0.010333
0 0.127333 0.512667 0.006667 0.009333
0 0.270333 0.628500 0.008000 0.008333
0 0.118333 0.823833 0.006667 0.007667
0 0.310167 0.835167 0.007667 0.009667
0 0.302500 0.760333 0.008333 0.009333
0 0.064333 0.564500 0.008000 0.011667
0 0.669500 0.702667 0.009667 0.010000
0 0.851833 0.973000 0.007667 0.009333
0 0.865333 0.829167 0.009333 0.011000
0 0.835000 0.580167 0.006000 0.007667
0 0.234333 0.565500 0.006667 0.012333
0 0.245167 0.591000 0.006333 0.008667
0 0.130500 0.680500 0.009000 0.009000
0 0.294833 0.470167 0.007000 0.007667
0 0.289667 0.438167 0.007333 0.009000
0 0.637667 0.495000 0.006667 0.008667
0 0.515333 0.881167 0.010000 0.011000
0 0.177833 0.680833 0.014333 0.013667
0 0.195500 0.661500 0.010333 0.009667
0 0.256833 0.651167 0.011000 0.013000
0 0.225333 0.701000 0.008667 0.009333
0 0.294667 0.785167 0.007333 0.009667
0 0.208667 0.569167 0.006667 0.009000
0 0.815333 0.137333 0.006667 0.008667
0 0.628833 0.699000 0.007000 0.009333
