0 0.275000 0.734833 0.014667 0.013667
0 0.353333 0.637167 0.014000 0.018333
0 0.269833 0.867833 0.023000 0.021000
0 0.307167 0.889833 0.011000 0.015000
0 0.251000 0.781167 0.010667 0.013000
0 0.190833 0.623167 0.017667 0.015000
0 0.285500 0.493500 0.017000 0.013000
0 0.417333 0.328667 0.017333 0.022667
0 0.568500 0.176667 0.014333 0.016667
0 0.922833 0.650333 0.011000 0.016667
0 0.938333 0.698833 0.013333 0.014333
0 0.516833 0.171667 0.025000 0.026000
0 0.861667 0.207500 0.018667 0.024333
0 0.554167 0.418000 0.025000 0.026000
0 0.647333 0.339167 0.029333 0.029000
0 0.687167 0.749667 0.034333 0.037333
0 0.851000 0.809500 0.030000 0.030333
0 0.892833 0.712000 0.027667 0.030000
0 0.889500 0.595667 0.019667 0.030000
0 0.698500 0.503833 0.034333 0.025000
