0 0.177167 0.590500 0.008333 0.009667
0 0.526667 0.499500 0.010000 0.009000
0 0.519833 0.542500 0.007667 0.009000
0 0.247000 0.624500 0.007333 0.007667
0 0.231333 0.570000 0.010000 0.008000
0 0.210333 0.404833 0.006000 0.007667
0 0.236833 0.449333 0.009000 0.008000
0 0.108333 0.409333 0.004667 0.008667
0 0.376000 0.305833 0.008667 0.008333
0 0.360333 0.338500 0.006667 0.007667
0 0.573667 0.645500 0.008000 0.005667
0 0.511000 0.785000 0.007333 0.009333
0 0.197000 0.621167 0.006000 0.007000
0 0.220000 0.621667 0.009333 0.006667
0 0.193667 0.607167 0.007333 0.008333
0 0.024833 0.980500 0.007667 0.007000
0 0.370667 0.885000 0.006667 0.010000
0 0.301000 0.639000 0.004667 0.005333
0 0.277500 0.653667 0.005000 0.005333
0 0.275500 0.740333 0.003667 0.004000
0 0.279000 0.747667 0.004667 0.006000
0 0.431667 0.760667 0.006000 0.007333
0 0.535167 0.678333 0.007000 0.006000
0 0.256333 0.551833 0.005333 0.007000
0 0.250833 0.542833 0.004333 0.006333
0 0.234500 0.613167 0.006333 0.005000
0 0.224167 0.631500 0.004333 0.005000
0 0.422500 0.679167 0.005000 0.007000
0 0.400500 0.701333 0.005667 0.005333
0 0.405167 0.769333 0.006333 0.007333
0 0.293667 0.724833 0.005333 0.006333
0 0.266667 0.761167 0.007333 0.005000
0 0.253333 0.786667 0.004000 0.006000
0 0.212667 0.636167 0.004000 0.005000
0 0.233667 0.633667 0.005333 0.004000
0 0.282333 0.501167 0.004667 0.005667
0 0.286667 0.661333 0.004000 0.006000
0 0.295333 0.667500 0.004667 0.005667
0 0.286333 0.670167 0.004667 0.005000
0 0.220167 0.662500 0.005667 0.005000
0 0.539333 0.705500 0.005333 0.009000
0 0.324667 0.448500 0.005333 0.007000
0 0.377333 0.439333 0.005333 0.006667
0 0.510500 0.424333 0.004333 0.005333
0 0.476167 0.419833 0.004333 0.005667
0 0.518500 0.483167 0.005667 0.005000
0 0.602167 0.474500 0.005000 0.007000
0 0.642500 0.520000 0.007000 0.005333
0 0.608833 0.574167 0.003667 0.005000
0 0.619833 0.587167 0.004333 0.007667
0 0.644000 0.599667 0.005333 0.008000
0 0.661500 0.623333 0.005000 0.008000
0 0.638500 0.586500 0.004333 0.007667
0 0.613000 0.586000 0.004667 0.006667
0 0.612167 0.489500 0.005000 0.007000
0 0.688000 0.455500 0.005333 0.005000
0 0.671833 0.444333 0.005000 0.005333
0 0.616667 0.432833 0.005333 0.005000
0 0.633000 0.428333 0.004000 0.004000
0 0.745333 0.609500 0.006000 0.005000
0 0.791333 0.672000 0.006667 0.008000
0 0.803500 0.649000 0.005667 0.007333
0 0.805333 0.707000 0.004000 0.007333
0 0.747667 0.740833 0.006667 0.009000
0 0.631667 0.747000 0.005333 0.006000
0 0.582500 0.784000 0.006333 0.008000
0 0.713167 0.765000 0.005000 0.008000
0 0.679167 0.767833 0.005667 0.005667
0 0.551667 0.695667 0.005333 0.008667
0 0.574333 0.699333 0.004667 0.008667
0 0.680000 0.684833 0.004667 0.005000
0 0.765000 0.611000 0.004667 0.005333
0 0.842167 0.595333 0.007000 0.006667
0 0.867000 0.685000 0.005333 0.007333
0 0.875833 0.735500 0.007000 0.008333
0 0.952667 0.780167 0.004667 0.008333
0 0.960833 0.778667 0.007000 0.006667
0 0.942500 0.790167 0.007000 0.007000
0 0.696000 0.827833 0.004667 0.005667
0 0.690500 0.799833 0.005000 0.005667
0 0.991500 0.864000 0.005667 0.008667
0 0.937667 0.962667 0.007333 0.008000
0 0.919833 0.968333 0.007000 0.009333
0 0.793000 0.942333 0.006667 0.009333
0 0.743833 0.987833 0.005667 0.007000
0 0.674333 0.965167 0.007333 0.007667
0 0.630333 0.947333 0.005333 0.006667
0 0.621167 0.944667 0.004333 0.006667
0 0.603000 0.840667 0.006667 0.006000
0 0.600333 0.854000 0.008667 0.010000
0 0.478333 0.964167 0.006000 0.006333
0 0.438167 0.931667 0.006333 0.008667
0 0.462667 0.913000 0.008667 0.008000
0 0.440333 0.882000 0.008667 0.009333
0 0.410333 0.835667 0.008667 0.008000
0 0.688667 0.977167 0.005333 0.005667
0 0.657500 0.996333 0.005667 0.005333
0 0.303667 0.747833 0.008667 0.005000
0 0.343500 0.772333 0.005000 0.006000
0 0.351333 0.777000 0.005333 0.005333
0 0.275167 0.604667 0.005667 0.004667
0 0.147167 0.561167 0.004333 0.007000
0 0.141833 0.522167 0.005667 0.007000
0 0.093667 0.438500 0.006000 0.005667
0 0.128500 0.391500 0.005667 0.005667
0 0.121167 0.398833 0.005667 0.005000
0 0.151500 0.398833 0.006333 0.005000
0 0.150167 0.381500 0.005667 0.006333
0 0.141333 0.443667 0.006000 0.006000
0 0.109833 0.561667 0.004333 0.006667
0 0.162500 0.604000 0.005000 0.006000
0 0.155833 0.614333 0.005000 0.006000
0 0.158833 0.587000 0.005667 0.007333
0 0.174000 0.628667 0.006000 0.006000
0 0.261833 0.484000 0.007667 0.005333
0 0.324167 0.572000 0.003667 0.006667
0 0.137500 0.484500 0.005000 0.003667
0 0.104667 0.493000 0.003333 0.004667
0 0.071333 0.501833 0.004667 0.005667
0 0.119167 0.445167 0.004333 0.004333
0 0.088000 0.477500 0.004000 0.003667
0 0.254000 0.284667 0.005333 0.005333
0 0.055000 0.303500 0.005333 0.005000
0 0.118500 0.271000 0.004333 0.005333
0 0.270833 0.253500 0.003000 0.005667
0 0.198333 0.269500 0.005333 0.005000
0 0.081500 0.242000 0.007000 0.004667
0 0.007500 0.170833 0.005000 0.004333
0 0.031000 0.123167 0.005333 0.006333
0 0.053167 0.049000 0.003667 0.005333
0 0.062167 0.039500 0.005667 0.004333
0 0.011333 0.050500 0.004667 0.005667
0 0.290667 0.131833 0.003333 0.006333
0 0.403833 0.012500 0.003667 0.005667
0 0.536167 0.095000 0.005000 0.003333
0 0.510000 0.165167 0.004000 0.005000
0 0.457333 0.247500 0.004000 0.004333
0 0.427667 0.277000 0.004000 0.005333
0 0.517500 0.217833 0.004333 0.005000
0 0.515667 0.201667 0.004000 0.003333
0 0.562000 0.103667 0.003333 0.004667
0 0.654833 0.108500 0.003667 0.004333
0 0.749000 0.048167 0.004000 0.004333
0 0.758667 0.044000 0.004000 0.004667
0 0.794000 0.047167 0.005333 0.005667
0 0.806167 0.036333 0.004333 0.006000
0 0.803167 0.055500 0.003000 0.005667
0 0.771500 0.042500 0.004333 0.005667
0 0.780667 0.058500 0.003333 0.006333
0 0.818167 0.004500 0.006333 0.004333
0 0.787500 0.013667 0.005667 0.005333
0 0.733833 0.086333 0.005667 0.005333
0 0.910833 0.124667 0.005667 0.004000
0 0.921667 0.079667 0.004667 0.006000
0 0.796500 0.211167 0.003667 0.007667
0 0.976000 0.154667 0.005333 0.005333
0 0.955833 0.175667 0.004333 0.005333
0 0.976667 0.248333 0.004000 0.005333
0 0.963167 0.273833 0.005000 0.004333
0 0.897167 0.258500 0.004333 0.004333
0 0.903500 0.291833 0.003667 0.004333
0 0.912833 0.289833 0.005000 0.006333
0 0.934000 0.302500 0.004667 0.006333
0 0.911833 0.353333 0.005667 0.005333
0 0.952500 0.383000 0.003667 0.004667
0 0.948333 0.390000 0.005333 0.005333
0 0.900833 0.403167 0.005000 0.005667
0 0.765000 0.384500 0.004667 0.004333
0 0.739500 0.359833 0.005000 0.004333
0 0.848667 0.396000 0.004667 0.006000
0 0.872333 0.404000 0.004000 0.004667
0 0.874000 0.412000 0.004000 0.004667
0 0.806833 0.279833 0.004333 0.005667
0 0.777500 0.308333 0.005000 0.004000
0 0.798667 0.352167 0.005333 0.005000
0 0.975167 0.310667 0.004333 0.004667
0 0.805167 0.239000 0.005000 0.004000
0 0.816667 0.483500 0.006000 0.005667
0 0.955333 0.488500 0.006667 0.005000
0 0.968500 0.500667 0.003667 0.005333
0 0.940000 0.496500 0.005333 0.006333
0 0.899167 0.501500 0.005000 0.004333
0 0.936167 0.330167 0.004333 0.003000
0 0.838333 0.553333 0.004667 0.004667
0 0.825833 0.561000 0.004333 0.006000
0 0.769167 0.513833 0.005000 0.005000
0 0.788833 0.548833 0.005667 0.005000
0 0.835833 0.528167 0.005000 0.005667
0 0.992000 0.637000 0.004000 0.005333
0 0.962167 0.659000 0.005667 0.004000
0 0.820000 0.598000 0.004667 0.004667
0 0.815333 0.709500 0.003333 0.005000
0 0.993167 0.607833 0.005000 0.005000
0 0.988667 0.788333 0.003333 0.004667
0 0.967833 0.872167 0.005667 0.007667
0 0.901667 0.913500 0.005333 0.007000
0 0.507667 0.965333 0.004667 0.005333
0 0.497833 0.972500 0.005000 0.005667
0 0.494500 0.963333 0.003667 0.006000
0 0.497500 0.939667 0.003667 0.005333
0 0.381667 0.868167 0.004667 0.005667
0 0.384833 0.848167 0.005000 0.006333
0 0.398833 0.889833 0.004333 0.006333
0 0.425167 0.773000 0.006333 0.006000
0 0.319000 0.649500 0.003333 0.004333
0 0.301167 0.653000 0.004333 0.004000
0 0.180500 0.875333 0.004333 0.005333
0 0.039333 0.961333 0.005333 0.004667
0 0.054667 0.987667 0.004000 0.005333
0 0.077500 0.953333 0.004333 0.005333
0 0.065333 0.950833 0.006000 0.006333
0 0.035000 0.934667 0.004000 0.004667
0 0.002500 0.929500 0.004333 0.004333
0 0.007833 0.898833 0.006333 0.004333
0 0.105000 0.914333 0.004000 0.005333
0 0.114833 0.914833 0.007000 0.007667
0 0.044333 0.845833 0.004667 0.004333
0 0.063667 0.843667 0.005333 0.004667
0 0.034667 0.854333 0.003333 0.003333
0 0.043333 0.859500 0.005333 0.005667
0 0.260667 0.744000 0.005333 0.006000
0 0.067500 0.708000 0.005000 0.005333
0 0.040000 0.684667 0.005333 0.005333
0 0.065333 0.665833 0.005333 0.006333
0 0.033667 0.664500 0.005333 0.005667
0 0.484833 0.299167 0.004333 0.003667
0 0.458833 0.265000 0.003000 0.004000
0 0.457833 0.221167 0.003667 0.005000
0 0.319833 0.210333 0.003000 0.006667
0 0.508833 0.453167 0.004333 0.005667
0 0.678167 0.492333 0.003667 0.004000
0 0.654167 0.431667 0.004333 0.005333
0 0.571500 0.421500 0.004333 0.007000
0 0.577000 0.160500 0.005333 0.005667
0 0.589667 0.378667 0.003333 0.005333
0 0.440833 0.291667 0.004333 0.005333
0 0.503167 0.394000 0.003000 0.003333
0 0.496500 0.397833 0.003667 0.003000
0 0.490000 0.409833 0.003333 0.003667
0 0.445167 0.409000 0.003000 0.003333
0 0.657667 0.577000 0.005333 0.008000
