0 0.615167 0.473833 0.019667 0.021000
0 0.587167 0.546833 0.019000 0.024333
0 0.669500 0.636833 0.017000 0.019667
0 0.721333 0.647333 0.017333 0.018000
0 0.587333 0.682167 0.014667 0.014333
0 0.683667 0.869167 0.012667 0.019667
0 0.675167 0.908833 0.015667 0.016333
0 0.620833 0.908167 0.009000 0.015000
0 0.628000 0.972833 0.018000 0.013000
0 0.531500 0.985333 0.018333 0.012667
0 0.555667 0.944833 0.015333 0.017667
0 0.590500 0.912500 0.017667 0.021667
0 0.555333 0.898167 0.015333 0.019000
0 0.429500 0.804333 0.020333 0.014000
0 0.420667 0.757667 0.017333 0.021333
0 0.418667 0.682000 0.014000 0.019333
0 0.400667 0.790833 0.011333 0.012333
0 0.409000 0.799167 0.010000 0.008333
0 0.445000 0.632833 0.020000 0.013667
0 0.472333 0.601333 0.020000 0.019333
0 0.460500 0.514000 0.023000 0.022000
0 0.452000 0.486667 0.020667 0.016667
0 0.516167 0.557667 0.017667 0.023333
0 0.305000 0.497500 0.024000 0.024333
0 0.263667 0.524833 0.020000 0.012333
0 0.258333 0.504500 0.011333 0.012333
0 0.220000 0.523500 0.011333 0.013000
0 0.263000 0.471833 0.008000 0.005667
0 0.322667 0.303500 0.022000 0.025667
0 0.301000 0.294000 0.017333 0.016667
0 0.706833 0.324333 0.016333 0.022000
0 0.633333 0.351333 0.021333 0.019333
0 0.602000 0.400000 0.022000 0.018000
0 0.518667 0.297500 0.020667 0.015000
0 0.664833 0.227167 0.019667 0.017667
0 0.651500 0.228333 0.012333 0.015333
0 0.694833 0.261167 0.011667 0.013667
0 0.704000 0.262667 0.010000 0.016667
0 0.702500 0.276333 0.012333 0.018667
0 0.566500 0.156667 0.019000 0.016667
0 0.517667 0.172333 0.024667 0.019333
0 0.443167 0.223167 0.022333 0.015000
0 0.512333 0.066667 0.016000 0.014667
0 0.214167 0.153333 0.013667 0.020000
0 0.232000 0.151833 0.018000 0.020333
0 0.168833 0.167333 0.019667 0.020667
0 0.183000 0.201000 0.017333 0.016667
0 0.109000 0.095000 0.022000 0.011333
0 0.133833 0.035333 0.014333 0.016667
0 0.770333 0.130833 0.024667 0.023000
0 0.833333 0.064167 0.028000 0.028333
0 0.887667 0.087167 0.022667 0.027000
0 0.843000 0.232667 0.024667 0.024667
0 0.859667 0.260333 0.024667 0.024667
0 0.588500 0.364000 0.033000 0.027333
0 0.501833 0.225000 0.013667 0.010000
