0 0.340500 0.089167 0.017000 0.015667
0 0.177000 0.526167 0.014000 0.021000
0 0.283000 0.514500 0.012667 0.014333
0 0.283333 0.579500 0.018667 0.023667
0 0.137667 0.966500 0.014667 0.017000
0 0.322000 0.683167 0.014667 0.013000
0 0.442833 0.500500 0.010333 0.015667
0 0.158667 0.764000 0.011333 0.013333
0 0.160000 0.774667 0.014000 0.012000
0 0.275167 0.177000 0.007000 0.008000
0 0.761833 0.472667 0.008333 0.013333
0 0.670833 0.363667 0.008333 0.015333
0 0.964167 0.422667 0.012333 0.011333
0 0.687500 0.907833 0.009667 0.010333
0 0.365333 0.694500 0.008000 0.013000
0 0.705500 0.605333 0.009667 0.015333
0 0.424000 0.984500 0.015333 0.011667
0 0.030333 0.951333 0.010667 0.014667
0 0.718667 0.720333 0.016667 0.010667
0 0.678500 0.538833 0.012333 0.016333
0 0.450167 0.660333 0.005667 0.006667
0 0.223833 0.098500 0.005000 0.007667
0 0.617333 0.077000 0.006667 0.007333
