0 0.240667 0.626833 0.029333 0.027667
0 0.453667 0.683333 0.014000 0.015333
0 0.503500 0.678833 0.013667 0.015667
0 0.392833 0.412667 0.013000 0.015333
0 0.475167 0.463000 0.017667 0.012667
0 0.706000 0.702000 0.018667 0.016667
0 0.802167 0.692833 0.017000 0.017000
0 0.782167 0.760833 0.021000 0.021000
0 0.863500 0.889000 0.019000 0.016667
0 0.983167 0.836667 0.021000 0.027333
0 0.712167 0.481167 0.011667 0.019000
0 0.727667 0.467000 0.018667 0.014667
0 0.635500 0.406000 0.018333 0.021333
0 0.721000 0.348333 0.013333 0.012000
0 0.315167 0.592667 0.009667 0.009333
0 0.576667 0.408167 0.007333 0.009000
0 0.681167 0.622333 0.009667 0.009333
0 0.310833 0.408833 0.004333 0.005000
0 0.252000 0.443667 0.006000 0.005333
0 0.391000 0.613500 0.004667 0.003667
0 0.471000 0.654000 0.006000 0.005333
0 0.538167 0.668333 0.005667 0.006000
0 0.469833 0.698333 0.006333 0.004667
0 0.564167 0.611833 0.005000 0.005667
0 0.610500 0.755167 0.005667 0.005667
0 0.740000 0.320000 0.006000 0.006000
0 0.525167 0.494667 0.005000 0.005333
0 0.301333 0.525000 0.004667 0.006000
0 0.351333 0.450667 0.007333 0.005333
0 0.359667 0.509667 0.006000 0.006667
0 0.384833 0.487500 0.005000 0.005667
0 0.336833 0.477667 0.005000 0.004667
0 0.407833 0.529167 0.004333 0.005000
0 0.448500 0.453333 0.005667 0.004000
0 0.445500 0.462667 0.004333 0.006000
0 0.487833 0.526833 0.004333 0.005667
0 0.441167 0.565000 0.004333 0.004667
0 0.544833 0.623500 0.005667 0.006333
0 0.560000 0.657167 0.004000 0.005000
0 0.618167 0.636833 0.004333 0.005667
0 0.436333 0.704333 0.006000 0.005333
0 0.424667 0.645667 0.005333 0.006667
0 0.530833 0.541000 0.005000 0.006000
0 0.488167 0.635500 0.005667 0.005000
0 0.542000 0.492667 0.006000 0.005333
0 0.636667 0.512333 0.006667 0.007333
0 0.622000 0.664667 0.007333 0.008000
0 0.557167 0.476000 0.005667 0.007333
0 0.620333 0.382667 0.006000 0.006000
0 0.373500 0.458167 0.006333 0.006333
0 0.728333 0.554167 0.008667 0.007000
0 0.940500 0.530833 0.007000 0.007000
0 0.906333 0.540167 0.010000 0.009000
0 0.907500 0.516333 0.011000 0.011333
