0 0.510333 0.142167 0.007333 0.007000
0 0.481833 0.116167 0.006333 0.008333
0 0.408667 0.133833 0.007333 0.007667
0 0.472000 0.117000 0.011333 0.008667
0 0.516000 0.156500 0.008000 0.009667
0 0.516833 0.276667 0.007000 0.006000
0 0.782000 0.271000 0.008000 0.008667
0 0.811667 0.130500 0.006667 0.008333
0 0.855333 0.445333 0.005333 0.006667
0 0.864000 0.448833 0.006000 0.006333
0 0.867833 0.439167 0.005667 0.007000
0 0.573000 0.482500 0.006000 0.008333
0 0.656667 0.295500 0.006000 0.007000
0 0.650667 0.332667 0.006000 0.006667
0 0.622333 0.061333 0.006000 0.007333
0 0.629333 0.017333 0.010000 0.008000
0 0.914000 0.090500 0.006667 0.007667
0 0.840000 0.071333 0.006000 0.007333
0 0.929667 0.186000 0.005333 0.008000
0 0.573167 0.213000 0.005667 0.007333
0 0.588000 0.205833 0.006000 0.005667
0 0.542667 0.150667 0.006667 0.006000
0 0.810000 0.461333 0.006000 0.006667
0 0.830333 0.428833 0.005333 0.007667
0 0.855333 0.426167 0.004667 0.006333
0 0.815167 0.443000 0.005000 0.006000
0 0.761667 0.569167 0.008000 0.009667
0 0.893167 0.567833 0.005667 0.006333
0 0.981667 0.594333 0.006000 0.006667
0 0.973333 0.662000 0.007333 0.007333
0 0.622500 0.546500 0.007000 0.007000
0 0.606667 0.528333 0.006000 0.007333
0 0.987000 0.804833 0.008000 0.011000
0 0.964667 0.846167 0.006667 0.007667
0 0.866167 0.858000 0.007000 0.009333
0 0.800333 0.975500 0.008667 0.009667
0 0.756167 0.910167 0.007000 0.009667
0 0.940500 0.982833 0.006333 0.007667
0 0.815500 0.924667 0.008333 0.006667
0 0.628000 0.768000 0.005333 0.007333
0 0.473833 0.860833 0.007000 0.007667
0 0.360333 0.806167 0.008667 0.010333
0 0.248333 0.953333 0.006667 0.009333
0 0.241667 0.991333 0.010000 0.012000
0 0.281500 0.912667 0.005667 0.010000
0 0.086500 0.908000 0.006333 0.006667
0 0.121833 0.956000 0.005667 0.006667
0 0.056000 0.984000 0.006000 0.007333
0 0.002667 0.965167 0.004000 0.007667
0 0.066667 0.997167 0.008000 0.005667
0 0.034500 0.990500 0.007000 0.007667
0 0.028167 0.996333 0.007667 0.007333
0 0.030333 0.949167 0.005333 0.007667
0 0.096167 0.808500 0.005667 0.005667
0 0.136333 0.778667 0.007333 0.006000
0 0.216000 0.846833 0.008000 0.007667
0 0.270500 0.774167 0.006333 0.007000
0 0.234667 0.664667 0.008667 0.008667
0 0.207667 0.619500 0.006667 0.005667
0 0.092500 0.643500 0.005000 0.007000
0 0.242000 0.572167 0.006667 0.009667
0 0.329167 0.599500 0.006333 0.007000
0 0.280833 0.533333 0.007667 0.008000
0 0.013000 0.483667 0.005333 0.010000
0 0.295167 0.503500 0.005667 0.007000
0 0.045500 0.370500 0.005667 0.006333
0 0.309500 0.339500 0.005000 0.007000
0 0.203833 0.457833 0.006333 0.006333
0 0.151667 0.465000 0.006000 0.008000
0 0.362500 0.211333 0.005667 0.006667
0 0.177167 0.123000 0.005000 0.009333
0 0.193333 0.097833 0.007333 0.009667
0 0.229000 0.063500 0.007333 0.007667
0 0.323500 0.113833 0.006333 0.007667
0 0.334833 0.096167 0.007000 0.006333
0 0.428167 0.034333 0.009667 0.007333
0 0.384333 0.041333 0.006667 0.008000
0 0.395167 0.021167 0.007000 0.009667
0 0.047000 0.140333 0.006000 0.007333
0 0.357667 0.116000 0.006667 0.006667
0 0.320333 0.138333 0.005333 0.008667
0 0.270833 0.032000 0.007000 0.007333
0 0.521333 0.015500 0.006667 0.007000
0 0.526167 0.020667 0.006333 0.008000
0 0.564000 0.243000 0.006000 0.008000
0 0.540667 0.178667 0.005333 0.006667
0 0.579833 0.173000 0.005667 0.008000
0 0.557000 0.140667 0.007333 0.006000
0 0.871167 0.120000 0.007667 0.008000
0 0.529667 0.495500 0.008000 0.008333
0 0.534500 0.464000 0.010333 0.008000
0 0.529167 0.215167 0.006333 0.006333
0 0.529500 0.226667 0.006333 0.008667
0 0.245000 0.457500 0.006667 0.006333
0 0.265667 0.411667 0.005333 0.006000
0 0.356833 0.393500 0.004333 0.005667
0 0.317333 0.958000 0.006000 0.007333
0 0.876500 0.339667 0.006333 0.005333
0 0.594000 0.690833 0.004667 0.005000
0 0.386000 0.776167 0.004667 0.007000
