0 0.174667 0.008333 0.008000 0.008667
0 0.136833 0.076833 0.006333 0.006333
0 0.108500 0.079667 0.009667 0.008667
0 0.351167 0.005333 0.010333 0.006000
0 0.361333 0.117333 0.005333 0.008667
0 0.434833 0.199500 0.010333 0.009667
0 0.475333 0.232000 0.006667 0.008667
0 0.607333 0.035333 0.006667 0.008667
0 0.634500 0.064000 0.005667 0.008667
0 0.606667 0.066000 0.008000 0.009333
0 0.597833 0.077333 0.005667 0.007333
0 0.630167 0.086500 0.006333 0.007667
0 0.640833 0.191833 0.007000 0.008333
0 0.604833 0.007667 0.006333 0.008667
0 0.589333 0.015500 0.011333 0.009000
0 0.585167 0.059333 0.005667 0.006667
0 0.580333 0.063500 0.006000 0.007667
0 0.862333 0.195333 0.006667 0.008000
0 0.883167 0.219667 0.007000 0.008667
0 0.870000 0.232500 0.005333 0.006333
0 0.837667 0.200333 0.006000 0.006667
0 0.820000 0.206833 0.006667 0.006333
0 0.840833 0.216500 0.005000 0.005000
0 0.845833 0.221333 0.008333 0.006000
0 0.866000 0.216000 0.006000 0.006667
0 0.876667 0.206667 0.007333 0.007333
0 0.919500 0.176833 0.007667 0.009000
0 0.929333 0.220833 0.009333 0.008333
0 0.899167 0.175167 0.006333 0.011000
0 0.681167 0.022167 0.007000 0.011000
0 0.601833 0.235000 0.005667 0.004667
0 0.610333 0.203333 0.006000 0.006000
0 0.662333 0.084333 0.005333 0.008667
0 0.806333 0.299667 0.008000 0.007333
0 0.827333 0.339500 0.004000 0.007667
0 0.841000 0.346833 0.008000 0.006333
0 0.818333 0.354667 0.005333 0.007333
0 0.797833 0.381500 0.007667 0.008333
0 0.854167 0.322333 0.007000 0.008000
0 0.893000 0.301833 0.006667 0.011000
0 0.910833 0.299333 0.005000 0.006667
0 0.886500 0.328500 0.007000 0.007667
0 0.896833 0.339667 0.006333 0.005333
0 0.898167 0.369000 0.004333 0.008667
0 0.904167 0.364833 0.005667 0.007667
0 0.918167 0.387500 0.006333 0.008333
0 0.905333 0.388500 0.004667 0.005000
0 0.889000 0.393167 0.005333 0.007000
0 0.962833 0.324833 0.006333 0.009000
0 0.984500 0.329500 0.006333 0.007667
0 0.976833 0.291333 0.006333 0.008000
0 0.649833 0.418000 0.009000 0.006000
0 0.819667 0.541333 0.006667 0.008000
0 0.854833 0.574167 0.007000 0.009000
0 0.883333 0.569500 0.006667 0.006333
0 0.973167 0.565833 0.007667 0.009000
0 0.938500 0.546000 0.005667 0.007333
0 0.971000 0.619333 0.006667 0.007333
0 0.960333 0.658667 0.006667 0.008000
0 0.782000 0.609833 0.006000 0.008333
0 0.835667 0.594167 0.006000 0.007000
0 0.832167 0.551333 0.006333 0.006667
0 0.881667 0.761000 0.007333 0.006667
0 0.878500 0.769667 0.007000 0.006667
0 0.907667 0.809333 0.006667 0.006667
0 0.799333 0.734167 0.006667 0.007667
0 0.839167 0.663000 0.007667 0.006000
0 0.973500 0.697167 0.007000 0.009667
0 0.990833 0.623833 0.008333 0.007667
0 0.871833 0.714167 0.005000 0.008333
0 0.939833 0.794000 0.005667 0.007333
0 0.930000 0.797833 0.005333 0.007000
0 0.471167 0.917667 0.009000 0.014000
0 0.441167 0.991167 0.011000 0.006333
0 0.748500 0.674500 0.007000 0.007667
0 0.146500 0.578333 0.007667 0.009333
0 0.082333 0.542667 0.008000 0.008000
0 0.229167 0.806500 0.009000 0.007000
0 0.206000 0.529667 0.012000 0.008667
0 0.304167 0.557333 0.008333 0.009333
0 0.206833 0.474167 0.009000 0.005667
0 0.200500 0.482667 0.006333 0.006667
0 0.044167 0.905500 0.008333 0.006333
0 0.142667 0.888500 0.008000 0.007000
0 0.030833 0.805333 0.009000 0.006667
0 0.341500 0.899167 0.008333 0.006333
0 0.161500 0.613500 0.005667 0.006333
0 0.084333 0.461500 0.006667 0.009000
0 0.122333 0.422667 0.008000 0.007333
0 0.359333 0.311333 0.008000 0.008667
0 0.156500 0.264667 0.007000 0.007333
0 0.212333 0.204500 0.007333 0.007667
0 0.507667 0.318833 0.006667 0.010333
0 0.510333 0.388000 0.009333 0.006667
0 0.537667 0.422333 0.006000 0.010000
0 0.429333 0.225167 0.006667 0.008333
0 0.331833 0.511833 0.009000 0.009667
0 0.479333 0.393833 0.008667 0.008333
0 0.816333 0.046000 0.006667 0.005333
0 0.950500 0.130667 0.007000 0.007333
0 0.940500 0.192333 0.007000 0.007333
0 0.938333 0.180833 0.006000 0.009000
0 0.957333 0.165833 0.005333 0.006333
0 0.958667 0.158167 0.008000 0.005667
0 0.964333 0.112167 0.006000 0.007667
0 0.984667 0.108667 0.006000 0.009333
0 0.982500 0.091833 0.005000 0.007667
0 0.614333 0.677333 0.008000 0.008000
0 0.701000 0.561667 0.006000 0.006667
0 0.689667 0.835167 0.008000 0.005667
0 0.592167 0.887167 0.011000 0.009667
0 0.067333 0.972333 0.011333 0.010667
0 0.024667 0.982667 0.008000 0.008000
0 0.056000 0.779833 0.008667 0.006333
0 0.433667 0.598333 0.008667 0.008000
0 0.445333 0.393667 0.009333 0.008000
0 0.488167 0.335167 0.006333 0.005000
0 0.162000 0.394833 0.018000 0.013667
0 0.743333 0.936333 0.011333 0.017333
0 0.942833 0.955833 0.010333 0.013667
0 0.205167 0.576167 0.013000 0.012333
0 0.408667 0.407000 0.012000 0.014000
0 0.376167 0.144000 0.013667 0.011333
0 0.239500 0.979833 0.012333 0.013000
0 0.918000 0.140667 0.014667 0.011333
