0 0.697833 0.533167 0.017000 0.009000
0 0.781333 0.591500 0.015333 0.011667
0 0.613167 0.640500 0.017000 0.011667
0 0.534500 0.563000 0.012333 0.010000
0 0.714000 0.754833 0.016667 0.016333
0 0.350500 0.585000 0.020333 0.016000
0 0.396667 0.561333 0.016667 0.013333
0 0.307333 0.544667 0.012000 0.008667
0 0.279333 0.283833 0.025333 0.027000
0 0.744833 0.144000 0.020333 0.012667
0 0.757000 0.764833 0.014000 0.013000
0 0.718500 0.880833 0.018333 0.021667
0 0.410667 0.950333 0.014000 0.020000
0 0.424500 0.951167 0.013667 0.019667
0 0.419000 0.921833 0.017333 0.018333
0 0.473500 0.862667 0.017667 0.018000
0 0.535333 0.820000 0.015333 0.014000
0 0.431667 0.915000 0.014000 0.016000
0 0.264500 0.557000 0.011667 0.016667
0 0.823000 0.284500 0.020667 0.015000
