0 0.399000 0.358500 0.010667 0.011667
0 0.354333 0.342833 0.006667 0.011000
0 0.344000 0.323500 0.008667 0.011667
0 0.182167 0.261833 0.009667 0.009667
0 0.222667 0.251333 0.006000 0.008667
0 0.057667 0.056167 0.011333 0.010333
0 0.006667 0.141833 0.008000 0.013667
0 0.326333 0.044667 0.008000 0.010000
0 0.541333 0.172000 0.008667 0.010667
0 0.569833 0.113167 0.010333 0.010333
0 0.739167 0.021000 0.007667 0.008000
0 0.755167 0.018667 0.008333 0.010667
0 0.752500 0.050000 0.007000 0.013333
0 0.834333 0.130500 0.006667 0.011000
0 0.844000 0.223667 0.006000 0.012000
0 0.755000 0.326333 0.010000 0.008667
0 0.916000 0.401667 0.008000 0.009333
0 0.817000 0.334333 0.007333 0.011333
0 0.787667 0.333500 0.007333 0.009000
0 0.810167 0.457500 0.009000 0.009667
0 0.760167 0.528833 0.009667 0.009667
0 0.851500 0.663167 0.006333 0.008333
0 0.799500 0.892833 0.007667 0.011667
0 0.833500 0.900500 0.008333 0.009667
0 0.842333 0.879167 0.006667 0.009000
0 0.775833 0.825167 0.006333 0.007667
0 0.784333 0.829333 0.006667 0.010667
0 0.490333 0.753000 0.007333 0.008000
0 0.959000 0.665833 0.009333 0.007000
0 0.962667 0.671333 0.007333 0.008667
0 0.910500 0.475333 0.009000 0.009333
0 0.871833 0.489333 0.007000 0.008000
0 0.871333 0.349000 0.004667 0.009333
0 0.555667 0.409833 0.006667 0.009667
0 0.682333 0.772667 0.004667 0.008000
0 0.743500 0.792167 0.007667 0.008333
0 0.803500 0.796500 0.005000 0.007667
0 0.851333 0.857333 0.005333 0.008667
0 0.862333 0.886667 0.005333 0.008667
0 0.703167 0.887333 0.005000 0.008667
0 0.684833 0.987833 0.009000 0.008333
0 0.763667 0.931167 0.006000 0.008333
0 0.817333 0.947667 0.006000 0.010000
0 0.837000 0.934333 0.006000 0.010667
0 0.849500 0.918833 0.009667 0.011000
0 0.797500 0.991167 0.008333 0.009000
0 0.810500 0.964500 0.006333 0.007000
0 0.645500 0.934667 0.007000 0.007333
0 0.830333 0.725167 0.004667 0.007000
0 0.841667 0.975333 0.006000 0.006667
0 0.832000 0.987000 0.006667 0.008000
0 0.437833 0.988667 0.007667 0.008000
0 0.187667 0.800500 0.010667 0.009000
0 0.144167 0.806333 0.008333 0.008667
0 0.107667 0.745000 0.008667 0.009333
0 0.057333 0.933500 0.008000 0.009000
0 0.018833 0.929167 0.006333 0.007667
0 0.062833 0.948167 0.008333 0.009667
0 0.219833 0.720000 0.006333 0.010000
0 0.256000 0.177500 0.009333 0.011667
0 0.226333 0.022167 0.008000 0.011000
0 0.448667 0.278167 0.012667 0.017667
0 0.213167 0.879000 0.007000 0.006667
0 0.392667 0.766667 0.006000 0.008667
0 0.825167 0.763000 0.005000 0.008667
