0 0.565833 0.607167 0.022333 0.016333
0 0.582500 0.726333 0.013000 0.014667
0 0.356167 0.683500 0.019000 0.017000
0 0.222500 0.706500 0.012333 0.015667
0 0.208500 0.582000 0.028333 0.024000
0 0.230000 0.470000 0.016667 0.018667
0 0.272500 0.442333 0.016333 0.017333
0 0.198833 0.414833 0.016333 0.013667
0 0.363000 0.367833 0.022000 0.023667
0 0.336000 0.405833 0.020000 0.021667
0 0.550500 0.500833 0.015667 0.017667
0 0.463333 0.551833 0.021333 0.013000
0 0.648000 0.512333 0.018000 0.017333
0 0.679500 0.551167 0.019000 0.017000
0 0.581000 0.458167 0.017333 0.016333
0 0.826500 0.463167 0.019000 0.019667
0 0.666833 0.307667 0.021000 0.022000
0 0.305667 0.431500 0.021333 0.017667
0 0.767167 0.525833 0.017000 0.014333
0 0.899333 0.122500 0.016000 0.018333
