0 0.657667 0.273000 0.014667 0.016000
0 0.010833 0.046500 0.012333 0.015667
0 0.019333 0.126500 0.011333 0.010333
0 0.007167 0.158167 0.013000 0.013667
0 0.003667 0.130000 0.006000 0.012000
0 0.124333 0.214000 0.008667 0.012000
0 0.147667 0.251333 0.010667 0.013333
0 0.117000 0.245500 0.009333 0.009667
0 0.117667 0.273667 0.010000 0.010667
0 0.237167 0.216333 0.011667 0.016000
0 0.326333 0.113000 0.012667 0.014667
0 0.143667 0.029833 0.011333 0.010333
0 0.006667 0.237833 0.008000 0.010333
0 0.024500 0.312167 0.009667 0.009000
0 0.013333 0.322167 0.010667 0.009667
0 0.021333 0.361333 0.012000 0.011333
0 0.046667 0.201667 0.008667 0.012000
0 0.249167 0.424833 0.011667 0.015000
0 0.060833 0.420833 0.009667 0.011000
0 0.103333 0.452667 0.008667 0.011333
0 0.069167 0.502000 0.011000 0.012000
0 0.005333 0.538167 0.010000 0.011000
0 0.018667 0.383167 0.007333 0.009000
0 0.010667 0.380500 0.006000 0.009667
0 0.007000 0.507500 0.012000 0.011667
0 0.332333 0.546833 0.006667 0.009667
0 0.279833 0.726833 0.008333 0.009667
0 0.280167 0.834833 0.007667 0.012333
0 0.177167 0.823500 0.007000 0.006333
0 0.170000 0.654333 0.008667 0.009333
0 0.147000 0.614500 0.006667 0.009667
0 0.016000 0.725333 0.008000 0.008000
0 0.542167 0.671167 0.014333 0.015000
0 0.534333 0.819667 0.007333 0.009333
0 0.477667 0.591167 0.007333 0.009667
0 0.465333 0.572333 0.006667 0.010667
0 0.440167 0.600000 0.009000 0.009333
0 0.664167 0.544000 0.016333 0.024667
0 0.706333 0.397500 0.014667 0.015000
0 0.758167 0.428167 0.018333 0.025667
0 0.633000 0.827333 0.016000 0.012000
0 0.645667 0.841000 0.016000 0.012667
0 0.732833 0.637833 0.016333 0.017000
0 0.864000 0.099167 0.017333 0.014333
0 0.090000 0.985667 0.006667 0.006000
0 0.196333 0.654500 0.004000 0.005667
0 0.124167 0.344000 0.007000 0.008667
0 0.857833 0.786500 0.013000 0.013667
0 0.394667 0.957000 0.008000 0.010667
0 0.499500 0.793667 0.003667 0.006667
0 0.313000 0.431667 0.006667 0.005333
0 0.400500 0.458000 0.004333 0.004667
0 0.253000 0.531833 0.005333 0.005667
0 0.210833 0.817833 0.005667 0.005667
0 0.182833 0.907500 0.003667 0.003667
