0 0.548167 0.547167 0.023667 0.024333
0 0.438667 0.500000 0.022667 0.018667
0 0.388167 0.292167 0.020333 0.016333
0 0.505667 0.232333 0.018000 0.012667
0 0.823000 0.224000 0.020000 0.017333
0 0.730833 0.561667 0.015000 0.011333
0 0.757667 0.495333 0.011333 0.019333
0 0.727333 0.502833 0.014667 0.012333
0 0.699833 0.684000 0.015000 0.014667
0 0.577833 0.783333 0.011000 0.016000
0 0.430833 0.972500 0.025000 0.025667
0 0.336167 0.870000 0.025000 0.016667
0 0.284833 0.959833 0.014333 0.020333
0 0.372667 0.722667 0.022667 0.022667
0 0.379833 0.506500 0.021667 0.023667
0 0.309667 0.509833 0.015333 0.021000
0 0.298667 0.469667 0.016667 0.016667
0 0.221833 0.415833 0.015667 0.019000
0 0.224667 0.371333 0.016000 0.022000
0 0.808667 0.329667 0.016000 0.016000
0 0.922167 0.253167 0.012333 0.013000
0 0.570167 0.101000 0.014333 0.017333
0 0.623667 0.196333 0.014000 0.017333
0 0.692167 0.255167 0.025667 0.025667
0 0.813667 0.180667 0.016667 0.013333
0 0.919833 0.213833 0.015000 0.016333
