0 0.606167 0.575667 0.017000 0.026667
0 0.671333 0.599333 0.016000 0.014667
0 0.565833 0.595333 0.015667 0.020667
0 0.645833 0.654833 0.015000 0.015667
0 0.762167 0.483833 0.013667 0.016333
0 0.716667 0.555333 0.019333 0.011333
0 0.582500 0.502500 0.021000 0.013000
0 0.770000 0.606500 0.011333 0.016333
0 0.684333 0.589000 0.014000 0.015333
0 0.616000 0.835667 0.024000 0.015333
0 0.686333 0.775167 0.021333 0.017000
0 0.694500 0.741667 0.017667 0.015333
0 0.593167 0.796500 0.013667 0.017667
0 0.574000 0.775000 0.014667 0.013333
0 0.567500 0.897667 0.016333 0.022667
0 0.536667 0.772833 0.015333 0.017000
0 0.461333 0.691333 0.010667 0.016000
0 0.409667 0.642167 0.010667 0.009667
0 0.424667 0.562000 0.006000 0.012667
0 0.455833 0.472833 0.014333 0.021000
0 0.419000 0.508000 0.013333 0.013333
0 0.405667 0.522667 0.008667 0.014667
0 0.299000 0.380333 0.020667 0.021333
0 0.784667 0.312333 0.014667 0.016000
0 0.628000 0.117000 0.014000 0.014000
0 0.618167 0.272000 0.013667 0.020000
0 0.905167 0.418500 0.020333 0.015667
0 0.820833 0.393500 0.017667 0.009667
0 0.689667 0.545000 0.016667 0.013333
0 0.600667 0.506500 0.011333 0.010333
0 0.736500 0.787333 0.021000 0.017333
0 0.860333 0.912000 0.016000 0.018667
0 0.727000 0.135167 0.014667 0.020333
