0 0.528500 0.230167 0.030333 0.019667
0 0.566000 0.436833 0.019333 0.019000
0 0.677167 0.459000 0.019667 0.023333
0 0.612833 0.732333 0.011667 0.016667
0 0.682667 0.802500 0.012000 0.019000
0 0.761500 0.800833 0.023000 0.017667
0 0.710167 0.677833 0.017000 0.017667
0 0.515667 0.795167 0.014667 0.019000
0 0.380500 0.806667 0.009000 0.014667
0 0.480667 0.669500 0.014000 0.017667
0 0.388000 0.598000 0.012667 0.012000
0 0.368500 0.580667 0.017000 0.014000
0 0.330667 0.514667 0.013333 0.013333
0 0.513833 0.101000 0.016333 0.022667
0 0.527167 0.076833 0.021667 0.016333
0 0.300000 0.118500 0.006667 0.007000
0 0.559167 0.023333 0.017667 0.020000
0 0.683667 0.157000 0.015333 0.014667
0 0.780167 0.143500 0.022333 0.026333
0 0.901333 0.159000 0.015333 0.023333
0 0.690833 0.085667 0.008333 0.008000
0 0.311667 0.169500 0.020667 0.018333
0 0.592333 0.122833 0.008000 0.007000
