0 0.658000 0.410333 0.007333 0.007333
0 0.624167 0.442667 0.005000 0.006667
0 0.659500 0.458000 0.005667 0.006000
0 0.634833 0.461833 0.006333 0.007000
0 0.452500 0.431500 0.009000 0.010333
0 0.474000 0.411167 0.005333 0.005667
0 0.434667 0.414667 0.005333 0.006000
0 0.434833 0.434667 0.005667 0.006000
0 0.449500 0.439833 0.004333 0.005667
0 0.488333 0.431667 0.005333 0.006000
0 0.405667 0.421667 0.004000 0.006000
0 0.422500 0.412333 0.005000 0.008000
0 0.430833 0.404667 0.003667 0.004000
0 0.437000 0.407833 0.004667 0.005667
0 0.398500 0.351500 0.005000 0.005667
0 0.449667 0.347167 0.004667 0.005667
0 0.458333 0.353000 0.004000 0.005333
0 0.448333 0.359167 0.004000 0.005000
0 0.480667 0.362167 0.004667 0.005667
0 0.476333 0.394500 0.004000 0.005000
0 0.397000 0.474167 0.004000 0.005667
0 0.418667 0.457167 0.004667 0.005000
0 0.434167 0.459833 0.005000 0.005000
0 0.428667 0.444333 0.004000 0.005333
0 0.394833 0.414833 0.005667 0.005667
0 0.378167 0.404500 0.004333 0.005667
0 0.428833 0.391000 0.005000 0.005333
0 0.430500 0.398500 0.004333 0.005667
0 0.436833 0.388167 0.004333 0.005000
0 0.368500 0.365667 0.004333 0.004000
0 0.376833 0.343667 0.005667 0.004000
0 0.473500 0.371000 0.004333 0.005333
0 0.462833 0.396167 0.003667 0.005000
0 0.465500 0.393333 0.003667 0.006667
0 0.468667 0.389167 0.004667 0.005000
0 0.459833 0.370833 0.005667 0.004333
0 0.467500 0.361833 0.005000 0.005667
0 0.495500 0.406833 0.005667 0.008333
0 0.482333 0.419000 0.004667 0.006667
0 0.460167 0.415833 0.005000 0.005000
0 0.457000 0.411167 0.006667 0.007000
0 0.403333 0.444333 0.006000 0.006000
0 0.403333 0.452333 0.003333 0.004667
0 0.380000 0.428833 0.006667 0.005667
0 0.376333 0.417667 0.005333 0.005333
0 0.373833 0.412833 0.004333 0.005000
0 0.468667 0.443667 0.004000 0.004667
0 0.418000 0.485000 0.004667 0.005333
0 0.417500 0.477667 0.003667 0.004667
0 0.401833 0.472833 0.005000 0.005000
0 0.342667 0.419167 0.004667 0.004333
0 0.323833 0.542500 0.005667 0.006333
0 0.309167 0.555667 0.005000 0.006667
0 0.266833 0.488500 0.005667 0.005667
0 0.294167 0.492500 0.003667 0.005667
0 0.300000 0.501500 0.003333 0.005667
0 0.215333 0.480500 0.006000 0.005667
0 0.193500 0.491167 0.005000 0.004333
0 0.209500 0.374667 0.004333 0.005333
0 0.233000 0.414333 0.004000 0.004667
0 0.244333 0.418833 0.004000 0.005000
0 0.269000 0.435833 0.003333 0.006333
0 0.284333 0.431833 0.004000 0.004333
0 0.297500 0.432500 0.005000 0.006333
0 0.263000 0.384167 0.006667 0.005667
0 0.272333 0.396000 0.005333 0.004667
0 0.240333 0.407667 0.003333 0.005333
0 0.241000 0.403667 0.003333 0.004667
0 0.232667 0.427833 0.004000 0.005667
0 0.236000 0.427667 0.004667 0.004667
0 0.240833 0.438667 0.004333 0.006667
0 0.238167 0.451333 0.004333 0.006000
0 0.243667 0.451167 0.005333 0.005000
0 0.250167 0.436500 0.004333 0.005667
0 0.227833 0.435500 0.004333 0.004333
0 0.193667 0.529000 0.005333 0.006000
0 0.231500 0.547167 0.005000 0.006333
0 0.239000 0.549833 0.005333 0.005000
0 0.240833 0.533000 0.004333 0.006000
0 0.300500 0.525833 0.004333 0.004333
0 0.291500 0.535667 0.004333 0.006000
0 0.260667 0.539667 0.005333 0.006667
0 0.218333 0.460500 0.004667 0.004333
0 0.195500 0.479000 0.005667 0.004667
0 0.183000 0.496333 0.006667 0.006667
0 0.180500 0.508667 0.005000 0.007333
0 0.193000 0.518167 0.004000 0.005667
0 0.225333 0.519833 0.006000 0.007000
0 0.198333 0.561167 0.006000 0.007000
0 0.177667 0.539833 0.006667 0.005000
0 0.148833 0.575833 0.005000 0.005000
0 0.244333 0.573833 0.006667 0.005667
0 0.233500 0.566000 0.005667 0.004667
0 0.234667 0.559333 0.005333 0.006000
0 0.232000 0.576500 0.005333 0.005000
0 0.327500 0.582833 0.004333 0.006333
0 0.333333 0.575500 0.005333 0.005667
0 0.399333 0.571000 0.004667 0.004667
0 0.412333 0.573667 0.005333 0.006000
0 0.422500 0.563500 0.006333 0.007000
0 0.423833 0.543333 0.005667 0.006667
0 0.329167 0.518500 0.005000 0.005667
0 0.156333 0.427667 0.004667 0.005333
0 0.235167 0.462167 0.004333 0.005667
0 0.246167 0.460500 0.003667 0.003667
0 0.240333 0.465333 0.005333 0.006000
0 0.177500 0.488667 0.005667 0.006000
0 0.180833 0.481167 0.004333 0.003667
0 0.287833 0.483167 0.004333 0.005000
0 0.232333 0.403667 0.003333 0.004667
0 0.234167 0.404000 0.004333 0.006000
0 0.233667 0.390667 0.005333 0.004667
0 0.249833 0.389500 0.006333 0.005667
0 0.284000 0.381167 0.004000 0.004333
0 0.291500 0.370833 0.005000 0.004333
0 0.343500 0.353000 0.003000 0.006000
0 0.348000 0.355167 0.006000 0.003667
0 0.316833 0.301167 0.004333 0.005000
0 0.291167 0.280000 0.004333 0.005333
0 0.321833 0.274833 0.006333 0.003667
0 0.321167 0.270000 0.005000 0.005333
0 0.219833 0.252833 0.005000 0.005000
0 0.196833 0.345667 0.005000 0.005333
0 0.100833 0.438500 0.005000 0.004333
0 0.090833 0.447500 0.005000 0.004333
0 0.080000 0.450667 0.004667 0.005333
0 0.380500 0.601333 0.005667 0.005333
0 0.395167 0.605000 0.004333 0.004667
0 0.412833 0.598500 0.005000 0.003667
0 0.409500 0.602667 0.004333 0.004667
0 0.388000 0.569167 0.006667 0.006333
0 0.391000 0.562333 0.005333 0.004667
0 0.380667 0.529000 0.004667 0.006667
0 0.357833 0.504667 0.005000 0.004667
0 0.348667 0.500500 0.004667 0.005000
0 0.320833 0.502500 0.003667 0.007000
0 0.281833 0.452000 0.006333 0.006000
0 0.482000 0.534667 0.005333 0.006000
0 0.537333 0.554000 0.004000 0.004667
0 0.440500 0.517333 0.003667 0.007333
0 0.433833 0.485333 0.003667 0.005333
0 0.390333 0.488500 0.006000 0.005667
0 0.444500 0.521833 0.003667 0.003667
0 0.429167 0.575167 0.004333 0.005667
0 0.700167 0.651500 0.006333 0.005667
0 0.733000 0.646500 0.004667 0.005000
0 0.738167 0.632833 0.003667 0.006333
0 0.661167 0.591000 0.006333 0.006000
0 0.567167 0.431833 0.006333 0.005667
0 0.547000 0.424833 0.004000 0.004333
0 0.677000 0.334667 0.004000 0.006000
0 0.597500 0.252333 0.006333 0.004667
0 0.619167 0.253667 0.005667 0.004667
0 0.571500 0.250667 0.003667 0.004667
0 0.530667 0.248000 0.003333 0.005333
0 0.707000 0.242167 0.004000 0.007667
0 0.643000 0.270500 0.004667 0.004333
0 0.824000 0.226833 0.005333 0.005000
0 0.825667 0.162833 0.005333 0.004333
0 0.862333 0.167667 0.004667 0.005333
0 0.871167 0.170500 0.003000 0.004333
0 0.670000 0.145833 0.005333 0.007000
0 0.579500 0.170333 0.005000 0.004667
0 0.828000 0.350333 0.004667 0.006000
0 0.778667 0.388667 0.004667 0.005333
0 0.813000 0.416667 0.005333 0.005333
0 0.836167 0.460167 0.006333 0.004333
0 0.810667 0.468000 0.005333 0.006000
0 0.714167 0.440333 0.005000 0.004000
0 0.982833 0.506333 0.005667 0.005333
0 0.924833 0.396167 0.004333 0.004333
0 0.948500 0.365000 0.005000 0.004000
0 0.836667 0.424167 0.004000 0.005000
0 0.842167 0.437500 0.004333 0.005000
0 0.835167 0.411667 0.004333 0.005333
0 0.830000 0.424000 0.004000 0.005333
0 0.855167 0.431000 0.005000 0.006000
0 0.890833 0.338167 0.003000 0.005667
0 0.770833 0.305833 0.004333 0.005000
0 0.765167 0.317667 0.004333 0.005333
0 0.731500 0.260667 0.004333 0.006000
0 0.749000 0.215667 0.004667 0.006667
0 0.894000 0.216167 0.004000 0.005667
0 0.948333 0.165667 0.005333 0.004667
0 0.967833 0.183000 0.003667 0.004667
0 0.946667 0.117333 0.004000 0.004000
0 0.821167 0.062000 0.005000 0.006000
0 0.886833 0.028833 0.005667 0.005667
0 0.791667 0.003500 0.004667 0.005667
0 0.798167 0.002833 0.006333 0.005000
0 0.827333 0.005833 0.004667 0.005667
0 0.834000 0.016167 0.006667 0.006333
0 0.723333 0.009667 0.005333 0.004667
0 0.740167 0.068833 0.005000 0.005667
0 0.709167 0.036167 0.005000 0.005000
0 0.747167 0.010500 0.005000 0.004333
0 0.741667 0.015500 0.004667 0.005000
0 0.737500 0.098167 0.005000 0.005667
0 0.722000 0.117167 0.005333 0.005667
0 0.743667 0.110000 0.004000 0.004667
0 0.663833 0.072167 0.006333 0.005667
0 0.574667 0.058500 0.005333 0.005000
0 0.618667 0.053000 0.004667 0.004000
0 0.646833 0.107167 0.006333 0.005000
0 0.385167 0.204833 0.003667 0.005667
0 0.435667 0.213833 0.003333 0.004333
0 0.284500 0.211833 0.006333 0.003667
0 0.300167 0.199667 0.005000 0.006000
0 0.322000 0.108333 0.005333 0.005333
0 0.332667 0.108500 0.004667 0.005000
0 0.346000 0.166667 0.003333 0.006000
0 0.363000 0.153667 0.005333 0.006667
0 0.217500 0.046833 0.004333 0.005000
0 0.241167 0.116667 0.006333 0.005333
0 0.231833 0.129833 0.005667 0.005667
0 0.203333 0.141500 0.006000 0.005667
0 0.095500 0.168167 0.005667 0.005667
0 0.102667 0.165333 0.006000 0.006667
0 0.101500 0.202833 0.005667 0.005000
0 0.114000 0.217000 0.004000 0.006000
0 0.136833 0.070167 0.005667 0.004333
0 0.100000 0.105167 0.004000 0.005000
0 0.097667 0.110333 0.006000 0.006000
0 0.126667 0.007500 0.006000 0.004333
0 0.098833 0.054000 0.003667 0.005333
0 0.085833 0.129667 0.005000 0.004667
0 0.102667 0.139500 0.005333 0.005000
0 0.200833 0.101167 0.004333 0.007667
0 0.060667 0.440833 0.006000 0.005000
0 0.004667 0.442667 0.006000 0.006000
0 0.035833 0.488500 0.005000 0.005000
0 0.036833 0.476333 0.004333 0.006000
0 0.065000 0.472000 0.004667 0.004667
0 0.075500 0.468000 0.006333 0.005333
0 0.058667 0.459333 0.005333 0.004667
0 0.059000 0.374167 0.005333 0.005000
0 0.042500 0.377500 0.005667 0.004333
0 0.074167 0.400667 0.005667 0.004000
0 0.023667 0.378000 0.004000 0.004000
0 0.069333 0.328167 0.004667 0.004333
0 0.045167 0.329000 0.005667 0.006000
0 0.323000 0.368667 0.004667 0.006667
0 0.016333 0.555833 0.006000 0.007000
0 0.011833 0.547667 0.004333 0.004000
0 0.054167 0.554333 0.007000 0.004667
0 0.018500 0.597000 0.004333 0.006667
0 0.176000 0.638167 0.006000 0.007000
0 0.286500 0.603667 0.007000 0.006000
0 0.081167 0.696833 0.005667 0.005667
0 0.020500 0.896333 0.007000 0.006667
0 0.222500 0.911833 0.005000 0.005667
0 0.241500 0.860833 0.005667 0.005000
0 0.189167 0.941333 0.005000 0.005333
0 0.025000 0.953333 0.004667 0.004667
0 0.019000 0.984833 0.007333 0.007000
0 0.044667 0.991833 0.005333 0.005667
0 0.153500 0.977167 0.005000 0.005667
0 0.270000 0.972500 0.006000 0.006333
0 0.244667 0.873333 0.004667 0.006000
0 0.319833 0.809000 0.007667 0.005333
0 0.461333 0.891500 0.006667 0.006333
0 0.515500 0.975833 0.004333 0.007667
0 0.471333 0.961167 0.005333 0.005667
0 0.521500 0.958667 0.004333 0.006000
0 0.482833 0.768500 0.005667 0.005000
0 0.362667 0.715833 0.004667 0.005667
0 0.470000 0.754000 0.004000 0.007333
0 0.481500 0.748167 0.005667 0.004333
0 0.468000 0.742833 0.005333 0.005667
0 0.433833 0.728333 0.006333 0.005333
0 0.449167 0.712167 0.005000 0.005000
0 0.521833 0.752667 0.005000 0.004000
0 0.455167 0.793667 0.005000 0.004667
0 0.318667 0.696000 0.006667 0.004667
0 0.305333 0.604000 0.006000 0.005333
0 0.651500 0.079667 0.006333 0.008000
0 0.659833 0.141333 0.005000 0.006000
0 0.709833 0.219833 0.006333 0.005667
0 0.683667 0.284167 0.008000 0.005667
0 0.684500 0.353833 0.006333 0.005667
0 0.752833 0.583000 0.005667 0.004667
0 0.776167 0.578167 0.004333 0.004333
0 0.697833 0.731333 0.005000 0.004667
0 0.615167 0.795500 0.005000 0.005667
0 0.606333 0.798833 0.004667 0.005667
0 0.548000 0.799500 0.004667 0.006333
0 0.719833 0.758167 0.005667 0.005000
0 0.792667 0.673500 0.004667 0.005000
0 0.784833 0.662000 0.004333 0.006000
0 0.797667 0.643667 0.004000 0.003333
0 0.829667 0.681167 0.003333 0.005000
0 0.855667 0.770833 0.004667 0.004333
0 0.837333 0.866000 0.004667 0.004667
0 0.857833 0.877500 0.005000 0.005000
0 0.766167 0.852667 0.005000 0.005333
0 0.796333 0.843833 0.004000 0.005000
0 0.785500 0.869167 0.004333 0.005667
0 0.765833 0.885500 0.005000 0.005667
0 0.958333 0.648833 0.004667 0.005000
0 0.904500 0.652167 0.003667 0.005667
0 0.874833 0.776167 0.004333 0.005667
0 0.943500 0.816500 0.004333 0.005667
0 0.976167 0.953167 0.004333 0.005000
0 0.951833 0.870167 0.005000 0.003667
0 0.798833 0.916500 0.005000 0.005000
0 0.789333 0.908667 0.004667 0.005333
0 0.825667 0.865000 0.004667 0.006000
0 0.619500 0.912500 0.003667 0.005667
0 0.610667 0.911667 0.003333 0.006000
0 0.737500 0.730667 0.003667 0.005333
0 0.736167 0.448667 0.004333 0.004667
0 0.630500 0.389333 0.007000 0.008667
0 0.823167 0.582500 0.006333 0.005000
0 0.961333 0.639000 0.006000 0.006667
0 0.968167 0.612000 0.004333 0.006667
0 0.826167 0.639833 0.004333 0.007667
0 0.709833 0.344500 0.006333 0.007667
0 0.620833 0.690000 0.007667 0.006667
0 0.970333 0.871333 0.006000 0.006000
0 0.717000 0.951333 0.005333 0.006000
0 0.467500 0.949833 0.007667 0.005667
