0 0.055500 0.896500 0.017667 0.023000
0 0.221833 0.784500 0.018333 0.023000
0 0.315500 0.812667 0.019667 0.022000
0 0.422500 0.720667 0.023000 0.020667
0 0.472167 0.768667 0.019000 0.018000
0 0.486500 0.825667 0.019000 0.016667
0 0.632500 0.805500 0.019000 0.019000
0 0.509833 0.648000 0.015000 0.020000
0 0.678667 0.720167 0.016667 0.020333
0 0.784000 0.592833 0.018667 0.018333
0 0.609000 0.594833 0.016667 0.014333
0 0.421500 0.491333 0.023667 0.024000
0 0.512333 0.473833 0.024667 0.017667
0 0.896000 0.547333 0.025333 0.024667
0 0.683000 0.495333 0.024667 0.020667
0 0.808333 0.483333 0.024667 0.020667
0 0.785333 0.401167 0.026000 0.018333
0 0.702000 0.329000 0.021333 0.020000
0 0.925000 0.504333 0.019333 0.015333
0 0.891667 0.449667 0.012667 0.010667
0 0.526667 0.223333 0.016667 0.020000
