0 0.189167 0.679000 0.010333 0.014667
0 0.227500 0.576667 0.006333 0.010000
0 0.187833 0.621833 0.005000 0.007667
0 0.143667 0.794500 0.006667 0.009667
0 0.361167 0.520667 0.008333 0.008667
0 0.300667 0.589667 0.011333 0.008000
0 0.430167 0.529833 0.009000 0.008333
0 0.375333 0.538333 0.010667 0.010000
0 0.597667 0.861333 0.015333 0.012667
0 0.596000 0.991333 0.014000 0.012667
0 0.752333 0.722833 0.012667 0.011667
0 0.710167 0.403333 0.010333 0.009333
0 0.709167 0.504000 0.011000 0.016000
0 0.733333 0.572833 0.012000 0.011667
0 0.191667 0.559667 0.007333 0.006667
0 0.388667 0.829667 0.006667 0.007333
0 0.457167 0.619500 0.005000 0.009667
0 0.246500 0.399833 0.007000 0.008333
0 0.204667 0.424333 0.006000 0.007333
0 0.184333 0.437333 0.009333 0.010000
0 0.178167 0.432000 0.006333 0.010667
0 0.226667 0.373667 0.006667 0.008000
0 0.205500 0.358667 0.007000 0.007333
0 0.010000 0.095667 0.014667 0.017333
0 0.034667 0.195000 0.017333 0.018667
0 0.132167 0.432667 0.009667 0.011333
0 0.151833 0.421500 0.013000 0.009000
0 0.173500 0.326167 0.007667 0.009667
0 0.214333 0.330500 0.010667 0.010333
0 0.257500 0.500333 0.009667 0.010667
