0 0.681000 0.377000 0.010000 0.011333
0 0.704500 0.355333 0.007667 0.008000
0 0.769167 0.350000 0.008333 0.011333
0 0.727333 0.428667 0.008667 0.008667
0 0.532000 0.192833 0.010667 0.010333
0 0.755000 0.264167 0.009333 0.009667
0 0.783333 0.277167 0.008000 0.009667
0 0.817833 0.242000 0.007000 0.009333
0 0.924833 0.312500 0.007667 0.010333
0 0.747333 0.195667 0.006000 0.010000
0 0.706167 0.262833 0.009000 0.009000
0 0.583500 0.343000 0.005667 0.009333
0 0.457667 0.434667 0.007333 0.008667
0 0.753833 0.620167 0.008333 0.011000
0 0.746500 0.581833 0.009000 0.009667
0 0.840333 0.771000 0.010000 0.015333
0 0.588167 0.785500 0.009000 0.010333
0 0.525333 0.862000 0.008000 0.010667
0 0.498667 0.893333 0.006667 0.016000
0 0.329167 0.820833 0.008333 0.009667
0 0.373000 0.742333 0.008667 0.010667
0 0.869500 0.867333 0.009667 0.008667
0 0.861500 0.890667 0.007000 0.009333
0 0.908500 0.911833 0.009667 0.011000
0 0.947667 0.891167 0.008667 0.011000
0 0.696667 0.505833 0.006000 0.006333
0 0.987167 0.348333 0.007667 0.007333
0 0.981167 0.311833 0.008333 0.007000
0 0.796500 0.090667 0.007667 0.006667
0 0.798667 0.110500 0.006000 0.007000
0 0.826667 0.088833 0.006000 0.007667
0 0.973167 0.019167 0.006333 0.008333
0 0.547500 0.072833 0.008333 0.008333
0 0.525000 0.059167 0.007333 0.009000
0 0.420000 0.203833 0.006000 0.006333
0 0.431167 0.180167 0.005000 0.005667
0 0.420333 0.180167 0.005333 0.006333
0 0.386000 0.129833 0.004000 0.005667
0 0.328167 0.152833 0.006333 0.007667
0 0.312333 0.267000 0.006000 0.007333
0 0.357000 0.053667 0.007333 0.005333
0 0.408667 0.159667 0.003333 0.006000
0 0.399667 0.123833 0.005333 0.005000
0 0.418000 0.136000 0.004000 0.004667
0 0.215667 0.097000 0.008667 0.010667
0 0.167500 0.329167 0.005667 0.007000
0 0.157667 0.272167 0.006667 0.006333
0 0.184667 0.275000 0.004000 0.006000
0 0.268167 0.270667 0.004333 0.006000
0 0.280167 0.344000 0.006333 0.006667
0 0.175167 0.381500 0.007000 0.007000
0 0.107667 0.368833 0.005333 0.006333
0 0.165833 0.100333 0.006333 0.007333
0 0.174667 0.428667 0.008000 0.008000
0 0.211333 0.446667 0.007333 0.008000
0 0.172500 0.460000 0.006333 0.009333
0 0.035167 0.495667 0.010333 0.010667
0 0.393833 0.496000 0.007667 0.008000
0 0.189667 0.581167 0.008667 0.008333
0 0.145333 0.633167 0.007333 0.008333
0 0.148167 0.695167 0.009000 0.008333
0 0.147500 0.729833 0.008333 0.007667
0 0.148333 0.873833 0.006667 0.006333
0 0.170000 0.914167 0.007333 0.008333
0 0.129167 0.938333 0.007000 0.005333
0 0.133667 0.946000 0.007333 0.008000
0 0.155500 0.944667 0.006333 0.008000
0 0.175000 0.943333 0.006667 0.011333
0 0.184833 0.943000 0.006333 0.010000
0 0.173333 0.897833 0.005333 0.007000
0 0.086000 0.973500 0.006000 0.007000
0 0.104667 0.987000 0.007333 0.008000
0 0.126000 0.985667 0.010000 0.008000
0 0.150833 0.957167 0.007667 0.007000
0 0.164833 0.970000 0.007667 0.008000
0 0.168500 0.992333 0.007667 0.009333
0 0.185167 0.968000 0.007000 0.012667
0 0.336833 0.912667 0.006333 0.008000
0 0.302667 0.720833 0.006000 0.007667
0 0.440167 0.996333 0.005667 0.007333
0 0.685833 0.548500 0.005000 0.007000
0 0.767500 0.550833 0.004333 0.005667
0 0.681167 0.699167 0.005667 0.005000
0 0.715000 0.486167 0.004667 0.005667
0 0.972000 0.576000 0.010000 0.010000
0 0.712000 0.503833 0.003333 0.005667
0 0.756667 0.557833 0.006667 0.007667
0 0.978833 0.296833 0.006333 0.007667
0 0.951167 0.212000 0.005667 0.006667
0 0.711500 0.126833 0.006333 0.007000
0 0.678833 0.248167 0.007667 0.008333
0 0.576500 0.267833 0.007000 0.009000
0 0.551667 0.311167 0.006667 0.007000
0 0.461667 0.390833 0.006667 0.007000
0 0.342333 0.387167 0.006000 0.007667
0 0.415167 0.372333 0.004333 0.005333
0 0.383667 0.145667 0.004667 0.005333
0 0.754167 0.144500 0.012333 0.012333
0 0.362000 0.958500 0.010000 0.011667
0 0.384333 0.872500 0.008000 0.010333
0 0.810500 0.691000 0.010333 0.012667
0 0.987333 0.660833 0.010667 0.016333
