0 0.566000 0.494500 0.012000 0.012333
0 0.624167 0.528500 0.009000 0.007667
0 0.691500 0.574667 0.009667 0.008000
0 0.939167 0.293500 0.008333 0.008333
0 0.850833 0.292000 0.008333 0.009333
0 0.656667 0.592500 0.008667 0.008333
0 0.427333 0.518000 0.008667 0.009333
0 0.465500 0.536333 0.013000 0.012667
0 0.404333 0.582333 0.009333 0.008667
0 0.411333 0.589500 0.010000 0.010333
0 0.417333 0.434500 0.010000 0.008333
0 0.500167 0.332000 0.008333 0.009333
0 0.536667 0.332000 0.008000 0.009333
0 0.587500 0.316500 0.009000 0.008333
0 0.544167 0.296667 0.010333 0.007333
0 0.428333 0.316833 0.008667 0.005667
0 0.218667 0.030167 0.017333 0.011000
0 0.251500 0.081833 0.010333 0.011000
0 0.306333 0.030500 0.024667 0.015000
0 0.903167 0.809333 0.009000 0.012000
0 0.920500 0.829500 0.006333 0.014333
0 0.881833 0.768333 0.005667 0.013333
0 0.364667 0.792333 0.016000 0.012000
0 0.979500 0.445667 0.007000 0.007333
0 0.745833 0.762000 0.007667 0.010667
0 0.679333 0.660167 0.008667 0.013000
0 0.437000 0.771167 0.012667 0.016333
0 0.606667 0.762167 0.004667 0.005667
0 0.646500 0.792000 0.005000 0.005333
0 0.597000 0.966500 0.005333 0.005000
0 0.257167 0.444333 0.006333 0.006667
0 0.627667 0.299000 0.006667 0.006000
0 0.763167 0.176667 0.005000 0.007333
0 0.610167 0.029333 0.006333 0.007333
