0 0.498500 0.432500 0.018333 0.013667
0 0.555500 0.502833 0.015667 0.013667
0 0.498000 0.487500 0.016667 0.013000
0 0.337500 0.516000 0.020333 0.015333
0 0.292000 0.479000 0.020667 0.029333
0 0.434333 0.391000 0.014667 0.012000
0 0.432000 0.402333 0.018000 0.014000
0 0.624000 0.631333 0.014667 0.016667
0 0.568833 0.759167 0.012333 0.015000
0 0.653167 0.712833 0.022333 0.020333
0 0.667167 0.861500 0.016333 0.016333
0 0.524000 0.803833 0.014000 0.013667
0 0.537167 0.780167 0.013667 0.013000
0 0.451667 0.766500 0.016667 0.012333
0 0.364333 0.872333 0.012667 0.012000
0 0.268333 0.906667 0.017333 0.015333
0 0.501667 0.339833 0.019333 0.019000
0 0.471500 0.335333 0.013667 0.022000
0 0.260333 0.384000 0.014000 0.013333
0 0.287833 0.327333 0.010333 0.020667
0 0.133000 0.416167 0.017333 0.012333
0 0.042500 0.377833 0.023667 0.013000
0 0.156833 0.287167 0.018333 0.014333
0 0.317167 0.228333 0.015667 0.016000
0 0.436500 0.186500 0.008333 0.009000
0 0.757333 0.287667 0.013333 0.013333
0 0.642833 0.309000 0.020333 0.014667
0 0.624500 0.328667 0.007000 0.008000
0 0.579167 0.274500 0.007000 0.008333
0 0.586500 0.244667 0.006333 0.007333
0 0.738500 0.582167 0.016333 0.021000
0 0.758333 0.524167 0.010000 0.009667
0 0.784833 0.742333 0.015667 0.014667
0 0.846667 0.727667 0.015333 0.016000
0 0.840167 0.769000 0.013000 0.019333
0 0.830500 0.798667 0.015667 0.016667
0 0.870500 0.620333 0.009667 0.012667
0 0.253167 0.553500 0.015667 0.026333
0 0.361167 0.283333 0.010333 0.009333
0 0.336333 0.340000 0.018667 0.019333
0 0.198833 0.258500 0.007667 0.009000
0 0.569833 0.145167 0.006333 0.006333
0 0.699833 0.195833 0.012333 0.011000
0 0.267333 0.199167 0.012667 0.013000
0 0.248833 0.434667 0.011000 0.011333
