0 0.735667 0.589833 0.010667 0.013000
0 0.554667 0.711167 0.016000 0.013667
0 0.461000 0.673667 0.010667 0.016667
0 0.370333 0.627167 0.012000 0.012333
0 0.449500 0.606833 0.015667 0.020333
0 0.528167 0.441333 0.018333 0.012667
0 0.557333 0.359833 0.018000 0.021000
0 0.478833 0.349667 0.017000 0.018667
0 0.562667 0.020667 0.018000 0.019333
0 0.446500 0.065167 0.015667 0.011667
0 0.750667 0.343833 0.010667 0.013667
0 0.727500 0.303833 0.010333 0.019000
0 0.625000 0.742667 0.006667 0.007333
0 0.639167 0.776667 0.008333 0.010000
0 0.706000 0.780667 0.009333 0.009333
