0 0.531333 0.893167 0.018667 0.023667
0 0.459500 0.792333 0.015667 0.010667
0 0.403833 0.601333 0.018333 0.017333
0 0.470667 0.576167 0.019333 0.017000
0 0.578167 0.661833 0.009000 0.009000
0 0.590667 0.626000 0.010667 0.014000
0 0.486167 0.508333 0.018333 0.015333
0 0.312000 0.536000 0.018000 0.023333
0 0.264667 0.576500 0.022000 0.023667
0 0.480667 0.340833 0.022000 0.019000
0 0.588833 0.332667 0.016333 0.015333
0 0.386500 0.336333 0.023000 0.016000
0 0.423333 0.246333 0.017333 0.014000
0 0.682667 0.505333 0.014667 0.018667
0 0.663667 0.377833 0.013333 0.015000
0 0.222167 0.062167 0.022333 0.021667
0 0.736500 0.029333 0.013000 0.016667
0 0.570500 0.236500 0.017667 0.013667
