0 0.550333 0.543833 0.014667 0.016333
0 0.467833 0.428333 0.019667 0.015333
0 0.590167 0.434500 0.013000 0.014333
0 0.553500 0.394000 0.015000 0.017333
0 0.182167 0.422667 0.019667 0.013333
0 0.130167 0.320500 0.013000 0.017667
0 0.262333 0.334500 0.010000 0.011667
0 0.146667 0.354833 0.012667 0.020333
0 0.182667 0.369500 0.011333 0.019667
0 0.438500 0.437000 0.010333 0.008667
0 0.540833 0.161000 0.019000 0.014667
0 0.010333 0.132000 0.012667 0.016000
0 0.011500 0.225667 0.017000 0.012000
0 0.539833 0.575500 0.009000 0.011000
