0 0.023000 0.174167 0.014000 0.017000
0 0.011500 0.174500 0.012333 0.019667
0 0.014000 0.299167 0.012667 0.012333
0 0.054333 0.311333 0.020667 0.017333
0 0.631833 0.029000 0.013000 0.019333
0 0.665500 0.031000 0.013000 0.020000
0 0.693667 0.046167 0.022667 0.015000
0 0.636500 0.125167 0.009667 0.015000
0 0.908667 0.149000 0.012000 0.014000
0 0.898667 0.237000 0.024000 0.017333
0 0.597500 0.226667 0.015667 0.011333
0 0.484167 0.258000 0.008333 0.010667
0 0.543833 0.356500 0.015667 0.016333
0 0.832667 0.318667 0.016667 0.011333
0 0.912000 0.442000 0.016667 0.014000
0 0.925833 0.480667 0.017000 0.015333
0 0.957667 0.575000 0.019333 0.014667
0 0.808833 0.478000 0.014333 0.016000
0 0.791167 0.462667 0.015667 0.011333
0 0.775500 0.468000 0.017667 0.016667
0 0.718000 0.459167 0.014667 0.016333
0 0.657500 0.462667 0.016333 0.015333
0 0.572000 0.497667 0.014000 0.016667
0 0.755667 0.598667 0.016667 0.014667
0 0.832833 0.586000 0.021667 0.012667
0 0.805333 0.633333 0.016000 0.015333
0 0.991500 0.700000 0.013000 0.017333
0 0.735667 0.767167 0.016667 0.016333
0 0.682000 0.655500 0.012667 0.018333
0 0.550500 0.628833 0.018333 0.014333
0 0.504500 0.692667 0.017667 0.014667
0 0.711833 0.896833 0.019667 0.017000
0 0.515333 0.950000 0.014667 0.016000
0 0.771000 0.964500 0.021333 0.018333
0 0.824167 0.947667 0.011667 0.011333
0 0.246833 0.757667 0.017000 0.016667
0 0.296667 0.844000 0.010667 0.014000
0 0.398167 0.841333 0.013667 0.014000
0 0.415500 0.698667 0.020333 0.016667
0 0.374000 0.714833 0.018667 0.014333
0 0.367000 0.733667 0.016667 0.014667
0 0.380333 0.771500 0.013333 0.013667
0 0.402333 0.776000 0.011333 0.011333
0 0.425667 0.794167 0.019333 0.020333
0 0.368500 0.574000 0.017667 0.016667
0 0.440333 0.560500 0.020667 0.015667
0 0.857333 0.418667 0.016000 0.010667
0 0.319000 0.034500 0.018667 0.023000
