0 0.757333 0.316833 0.015333 0.018333
0 0.730833 0.299667 0.012333 0.014667
0 0.669500 0.346333 0.013667 0.014000
0 0.631667 0.397333 0.014667 0.016000
0 0.613167 0.433833 0.017667 0.014333
0 0.786167 0.474333 0.016333 0.018667
0 0.575333 0.568833 0.016667 0.013000
0 0.576167 0.507000 0.013000 0.018667
0 0.550833 0.438833 0.017000 0.015667
0 0.346833 0.559167 0.011000 0.011000
0 0.362333 0.596500 0.013333 0.011667
0 0.371667 0.592167 0.010000 0.009000
0 0.487667 0.639333 0.012667 0.011333
0 0.527500 0.660500 0.010333 0.012333
0 0.582667 0.667833 0.016000 0.012333
0 0.377833 0.655667 0.015667 0.014000
0 0.347833 0.657167 0.009000 0.010333
0 0.312333 0.574000 0.012667 0.011333
0 0.325833 0.579333 0.011667 0.010667
0 0.307333 0.471333 0.010667 0.010667
0 0.310000 0.428000 0.009333 0.010667
0 0.415333 0.469667 0.016000 0.013333
0 0.328167 0.402500 0.013000 0.016333
0 0.338667 0.399667 0.012000 0.012667
0 0.312333 0.325667 0.017333 0.015333
0 0.300833 0.311833 0.013667 0.009667
0 0.347167 0.209500 0.011667 0.013000
0 0.332667 0.180500 0.009333 0.012333
0 0.378333 0.139500 0.012667 0.015000
0 0.613833 0.305667 0.017667 0.025333
0 0.773500 0.446667 0.017000 0.020000
0 0.779500 0.549667 0.013667 0.010667
0 0.768667 0.609167 0.011333 0.012333
0 0.736167 0.681000 0.013667 0.013333
0 0.497667 0.810833 0.016667 0.018333
0 0.592833 0.856500 0.020333 0.017000
0 0.585000 0.762167 0.010000 0.010333
0 0.590833 0.710500 0.011000 0.013667
0 0.685667 0.804833 0.016667 0.015667
0 0.635667 0.749000 0.012667 0.013333
0 0.710500 0.766667 0.012333 0.013333
0 0.563167 0.781500 0.008333 0.012333
0 0.567500 0.116500 0.013667 0.017000
0 0.549500 0.009000 0.012333 0.012667
0 0.652000 0.009833 0.012667 0.019000
0 0.401333 0.735833 0.013333 0.011000
