0 0.848500 0.947333 0.019000 0.012000
0 0.877000 0.965833 0.020667 0.015667
0 0.929667 0.965833 0.021333 0.017667
0 0.569833 0.978167 0.020333 0.018333
0 0.513500 0.662000 0.027000 0.016000
0 0.486833 0.506333 0.021000 0.016667
0 0.494000 0.477000 0.016000 0.018000
0 0.633667 0.438667 0.018667 0.018667
0 0.731000 0.369000 0.016000 0.016000
0 0.544167 0.590833 0.020333 0.011667
0 0.522500 0.490167 0.021667 0.012333
0 0.615500 0.518500 0.013000 0.019000
0 0.634833 0.526667 0.020333 0.014667
0 0.992000 0.642667 0.016000 0.015333
0 0.708000 0.587500 0.017333 0.018333
0 0.688167 0.529667 0.020333 0.016000
0 0.728333 0.522167 0.016667 0.015000
0 0.744167 0.530000 0.018333 0.016667
0 0.749333 0.552167 0.024667 0.017000
0 0.772167 0.536000 0.018333 0.020667
0 0.821000 0.561333 0.021333 0.019333
0 0.847000 0.522667 0.023333 0.016000
0 0.854000 0.485500 0.023333 0.023667
0 0.823167 0.465500 0.018333 0.018333
0 0.642667 0.124333 0.019333 0.020667
0 0.881333 0.154667 0.010667 0.017333
0 0.860833 0.069500 0.016333 0.018333
0 0.682167 0.098167 0.017000 0.015667
0 0.807333 0.010333 0.021333 0.016667
0 0.987333 0.037833 0.016667 0.021667
0 0.626000 0.013500 0.020000 0.021667
0 0.957333 0.040000 0.013333 0.016000
0 0.894167 0.008000 0.023000 0.014667
0 0.045833 0.575667 0.021000 0.011333
0 0.076833 0.621500 0.017000 0.015000
