0 0.472167 0.395333 0.015667 0.018000
0 0.518667 0.448167 0.006000 0.005667
0 0.441833 0.352833 0.009000 0.013000
0 0.596167 0.446500 0.005667 0.005000
0 0.575167 0.335000 0.019667 0.016667
0 0.787333 0.584333 0.019333 0.015333
0 0.672167 0.686000 0.023000 0.017333
0 0.607000 0.708167 0.006000 0.006333
0 0.382667 0.748667 0.018667 0.019333
0 0.321500 0.620667 0.019667 0.023333
0 0.299833 0.604000 0.004333 0.006667
0 0.288833 0.608833 0.005000 0.005667
0 0.531333 0.516500 0.005333 0.006333
0 0.461167 0.464333 0.006333 0.006000
0 0.474833 0.448000 0.005667 0.005333
0 0.536833 0.548000 0.005000 0.005333
0 0.586167 0.580667 0.005000 0.006667
0 0.399833 0.514333 0.004333 0.003333
0 0.516667 0.515000 0.004667 0.004667
