0 0.509500 0.334500 0.010333 0.009000
0 0.374500 0.413833 0.009667 0.012333
0 0.300167 0.170500 0.007000 0.012333
0 0.401833 0.131833 0.009667 0.012333
0 0.435500 0.137167 0.009667 0.010333
0 0.421000 0.118000 0.008667 0.009333
0 0.439667 0.072833 0.009333 0.009000
0 0.236667 0.251500 0.010000 0.010333
0 0.189500 0.148000 0.008333 0.009333
0 0.193167 0.170167 0.009667 0.013667
0 0.274500 0.066333 0.009667 0.010000
0 0.427167 0.035667 0.006333 0.010000
0 0.534333 0.029333 0.011333 0.010667
0 0.640167 0.160667 0.010333 0.008667
0 0.697500 0.286167 0.008333 0.009000
0 0.686167 0.292167 0.006333 0.008333
0 0.626833 0.279667 0.007667 0.010667
0 0.663833 0.092500 0.009667 0.010333
0 0.746333 0.172000 0.009333 0.008667
0 0.674667 0.196000 0.008000 0.007333
0 0.716667 0.349667 0.008667 0.010667
0 0.664667 0.299833 0.006000 0.009000
0 0.650000 0.558000 0.007333 0.010000
0 0.619667 0.536667 0.006667 0.011333
0 0.488833 0.689333 0.011000 0.013333
0 0.627833 0.824000 0.010333 0.007333
0 0.568167 0.832167 0.011667 0.014333
0 0.366333 0.860833 0.008667 0.008333
0 0.315500 0.770167 0.009000 0.009000
0 0.203167 0.845833 0.009667 0.009667
0 0.213167 0.820500 0.007000 0.010333
0 0.201667 0.828500 0.008667 0.010333
0 0.263833 0.617333 0.009000 0.010667
0 0.617667 0.600167 0.005333 0.009667
0 0.517833 0.827833 0.011000 0.009667
0 0.537333 0.926000 0.010000 0.010000
0 0.277333 0.521333 0.008667 0.007333
0 0.324667 0.546667 0.009333 0.010000
0 0.151167 0.559833 0.008333 0.012333
0 0.084000 0.519000 0.008000 0.012000
0 0.336333 0.824833 0.006667 0.007667
0 0.008333 0.815167 0.007333 0.007000
0 0.347500 0.986500 0.007000 0.009667
0 0.697833 0.757000 0.007000 0.007333
0 0.677333 0.618500 0.007333 0.009667
0 0.977833 0.308500 0.007667 0.007000
0 0.891333 0.271667 0.008667 0.007333
0 0.988667 0.294000 0.009333 0.007333
0 0.952000 0.177000 0.008667 0.009333
0 0.827000 0.096833 0.006000 0.008333
0 0.721667 0.133500 0.009333 0.007667
0 0.845500 0.029500 0.012333 0.009000
0 0.990500 0.067500 0.009667 0.009000
0 0.968000 0.035667 0.007333 0.009333
0 0.921167 0.083833 0.008333 0.010333
0 0.876500 0.125333 0.007000 0.008667
0 0.965833 0.132667 0.006333 0.009333
0 0.894167 0.199667 0.006333 0.008667
0 0.825333 0.191833 0.008000 0.008333
0 0.272333 0.235333 0.009333 0.010000
0 0.269667 0.050500 0.009333 0.009667
0 0.299667 0.027167 0.011333 0.010333
0 0.377000 0.057167 0.009333 0.007667
0 0.437167 0.058000 0.011000 0.010000
0 0.166000 0.070000 0.008000 0.010667
0 0.230667 0.011833 0.006000 0.009667
0 0.003333 0.031167 0.006000 0.009000
0 0.049833 0.592000 0.009000 0.008000
0 0.551167 0.442333 0.005667 0.010667
0 0.530500 0.451167 0.013667 0.011000
0 0.681500 0.353833 0.007000 0.010333
0 0.782833 0.151500 0.005000 0.010333
0 0.937000 0.844000 0.010000 0.010000
0 0.282167 0.698500 0.011667 0.011000
0 0.275167 0.537833 0.013000 0.015000
0 0.638167 0.716000 0.007000 0.010667
