0 0.336333 0.990667 0.027333 0.010667
0 0.305667 0.952000 0.028000 0.016667
0 0.373833 0.954667 0.023000 0.020000
0 0.565667 0.949500 0.016667 0.019667
0 0.593167 0.917333 0.017667 0.024000
0 0.409167 0.920333 0.023000 0.013333
0 0.869667 0.918167 0.020667 0.017667
0 0.671667 0.760000 0.016667 0.024000
0 0.715000 0.713000 0.022000 0.028000
0 0.844167 0.847167 0.021667 0.021667
0 0.866000 0.832333 0.026000 0.016667
0 0.885333 0.842667 0.022667 0.020667
0 0.970167 0.886500 0.019667 0.025000
0 0.953500 0.799500 0.019667 0.028333
0 0.874333 0.774167 0.011333 0.013000
0 0.997000 0.825667 0.006000 0.006667
0 0.873833 0.662500 0.019000 0.027000
0 0.372333 0.664000 0.026000 0.024000
0 0.338333 0.840333 0.024667 0.018000
0 0.201000 0.826000 0.023333 0.014667
0 0.032500 0.753333 0.019667 0.021333
0 0.036333 0.531333 0.018667 0.018667
0 0.012167 0.488167 0.023667 0.013667
0 0.006333 0.474000 0.012000 0.020667
0 0.050333 0.377167 0.026000 0.025000
0 0.251333 0.471167 0.019333 0.018333
0 0.437333 0.529833 0.020667 0.017667
0 0.317000 0.407333 0.026000 0.020667
0 0.255000 0.341167 0.033333 0.015667
0 0.347500 0.372333 0.013000 0.019333
0 0.381333 0.332333 0.016667 0.012000
0 0.368333 0.358000 0.012000 0.013333
0 0.384333 0.377833 0.016000 0.013667
0 0.448667 0.321167 0.014000 0.013000
0 0.454833 0.347167 0.015000 0.013667
0 0.413500 0.423333 0.013000 0.012000
0 0.406500 0.427667 0.011667 0.010000
0 0.391500 0.432167 0.010333 0.008333
0 0.392500 0.437833 0.007000 0.010333
0 0.396500 0.448667 0.014333 0.011333
0 0.499667 0.490500 0.014667 0.015667
0 0.474667 0.387167 0.010000 0.014333
0 0.498167 0.364833 0.014333 0.011000
0 0.567833 0.342167 0.013000 0.014333
0 0.571167 0.303833 0.009667 0.011000
0 0.624833 0.301167 0.010333 0.009000
0 0.644000 0.410000 0.009333 0.012667
0 0.618167 0.513333 0.017000 0.011333
0 0.595500 0.502000 0.009667 0.018000
0 0.639500 0.490167 0.023667 0.013667
0 0.503333 0.594833 0.011333 0.009667
0 0.558833 0.593333 0.011000 0.016000
0 0.604667 0.600833 0.028667 0.009667
0 0.602000 0.636000 0.014667 0.016000
0 0.546167 0.626000 0.011667 0.014000
0 0.522833 0.642333 0.009000 0.010667
0 0.685167 0.561833 0.008333 0.015667
0 0.679000 0.624667 0.012667 0.010000
0 0.709000 0.643500 0.014000 0.009667
0 0.729500 0.653667 0.017667 0.008667
0 0.751000 0.635000 0.013333 0.014000
0 0.737167 0.585833 0.013667 0.012333
0 0.674500 0.393833 0.009667 0.015000
0 0.701167 0.395667 0.013667 0.013333
0 0.696333 0.405833 0.014000 0.011667
0 0.721167 0.437500 0.008333 0.011667
0 0.818167 0.575500 0.017000 0.014333
0 0.897500 0.556333 0.013667 0.019333
0 0.963833 0.588333 0.014333 0.009333
0 0.993333 0.595167 0.010000 0.013000
0 0.988500 0.556667 0.016333 0.013333
0 0.944500 0.531500 0.014333 0.014333
0 0.897667 0.493333 0.010667 0.014000
0 0.944333 0.463500 0.018000 0.013667
0 0.970500 0.485667 0.021667 0.011333
0 0.901333 0.443667 0.016000 0.012667
0 0.898500 0.383500 0.013000 0.010333
0 0.879500 0.376500 0.012333 0.015000
0 0.801500 0.348000 0.014333 0.014667
0 0.762667 0.366000 0.014667 0.014667
0 0.831167 0.371000 0.015000 0.013333
0 0.843333 0.397333 0.012000 0.009333
0 0.837333 0.404000 0.016667 0.014000
0 0.257000 0.303167 0.012667 0.011667
0 0.054333 0.873833 0.017333 0.012333
0 0.079333 0.915333 0.011333 0.014667
0 0.093333 0.905667 0.016667 0.016667
