0 0.608667 0.459500 0.015333 0.017000
0 0.645500 0.505167 0.012333 0.013667
0 0.594333 0.467833 0.014000 0.014333
0 0.508667 0.478833 0.014667 0.009667
0 0.553000 0.390667 0.013333 0.016000
0 0.845833 0.091000 0.018333 0.025333
0 0.928000 0.094667 0.021333 0.018667
0 0.194667 0.118000 0.016000 0.024667
0 0.305833 0.514500 0.011000 0.010333
0 0.251667 0.576333 0.010000 0.012667
0 0.328167 0.583167 0.017667 0.017667
0 0.415667 0.698333 0.013333 0.014000
0 0.624333 0.555500 0.008000 0.012333
0 0.134667 0.135833 0.018000 0.025000
