0 0.587167 0.574167 0.011667 0.022333
0 0.626500 0.403000 0.013667 0.011333
0 0.644833 0.542167 0.011000 0.016333
0 0.623167 0.535333 0.008333 0.009333
0 0.492500 0.631667 0.010333 0.017333
0 0.356000 0.177000 0.010667 0.012000
0 0.314167 0.259667 0.009667 0.006667
0 0.117333 0.257500 0.012000 0.011000
0 0.114333 0.289000 0.008667 0.008667
0 0.248667 0.506833 0.010000 0.007000
0 0.180500 0.235500 0.007000 0.009667
0 0.492333 0.459667 0.008667 0.008667
0 0.617000 0.331167 0.010000 0.013000
0 0.255000 0.770333 0.011333 0.009333
0 0.159000 0.152667 0.008667 0.012667
0 0.383000 0.183667 0.008667 0.012000
0 0.792833 0.109000 0.013000 0.010667
0 0.481667 0.265333 0.011333 0.016000
0 0.238833 0.544000 0.011000 0.010667
0 0.093000 0.348333 0.008667 0.012667
0 0.054500 0.567167 0.010333 0.009667
0 0.069167 0.223000 0.007667 0.008000
0 0.978833 0.960333 0.006333 0.008667
0 0.037500 0.940333 0.009667 0.011333
0 0.546167 0.738667 0.007667 0.008000
0 0.371833 0.636500 0.006333 0.013667
0 0.348000 0.679833 0.006667 0.008333
0 0.401667 0.922500 0.008000 0.008333
0 0.075667 0.409500 0.008000 0.009000
0 0.974167 0.566500 0.009000 0.010333
