0 0.871833 0.450833 0.013667 0.011667
0 0.715000 0.406333 0.012667 0.018667
0 0.659333 0.420833 0.015333 0.016333
0 0.911000 0.204500 0.012667 0.021000
0 0.993333 0.275500 0.012667 0.015000
0 0.939167 0.237667 0.011667 0.018667
0 0.954833 0.098333 0.013000 0.015333
0 0.552000 0.186167 0.020667 0.020333
0 0.293500 0.137667 0.025000 0.034000
0 0.249500 0.354333 0.012333 0.015333
0 0.103500 0.409000 0.019000 0.012000
0 0.363333 0.461833 0.022000 0.020333
0 0.467167 0.463500 0.021000 0.013667
0 0.636167 0.600500 0.018333 0.013000
0 0.546500 0.656667 0.011667 0.012000
0 0.554333 0.669000 0.012000 0.020667
0 0.568333 0.811500 0.016000 0.009000
0 0.261500 0.739333 0.018333 0.015333
0 0.826833 0.520000 0.021000 0.017333
0 0.713000 0.642000 0.014000 0.012000
0 0.718333 0.659833 0.010000 0.013000
0 0.641000 0.706167 0.016000 0.013000
0 0.662333 0.786667 0.013333 0.014000
0 0.985000 0.407500 0.014000 0.018333
0 0.651667 0.889667 0.017333 0.019333
0 0.169167 0.636833 0.016333 0.016333
