0 0.560667 0.157333 0.010000 0.010000
0 0.421167 0.163667 0.007000 0.007333
0 0.283500 0.076667 0.009667 0.008667
0 0.237333 0.087333 0.006667 0.008000
0 0.221000 0.021833 0.010000 0.009000
0 0.398333 0.116500 0.006000 0.007000
0 0.092167 0.180500 0.007667 0.012333
0 0.099000 0.201500 0.008000 0.007667
0 0.132000 0.224000 0.007333 0.008000
0 0.160333 0.211167 0.009333 0.007667
0 0.169333 0.245000 0.008667 0.008667
0 0.267500 0.122667 0.006333 0.007333
0 0.242667 0.006167 0.008667 0.007667
0 0.015500 0.041500 0.007000 0.007667
0 0.018667 0.059333 0.008667 0.007333
0 0.060833 0.202167 0.007667 0.008333
0 0.093000 0.300667 0.008667 0.008667
0 0.037167 0.324667 0.009667 0.009333
0 0.137000 0.364667 0.008667 0.010667
0 0.231500 0.369333 0.006333 0.008667
0 0.129333 0.446833 0.008667 0.006333
0 0.133500 0.454000 0.005667 0.008000
0 0.117833 0.463833 0.007000 0.007667
0 0.106833 0.482167 0.007000 0.009000
0 0.247667 0.512333 0.006667 0.008667
0 0.095667 0.506500 0.007333 0.010333
0 0.052833 0.506333 0.006333 0.008000
0 0.112667 0.571833 0.010000 0.006333
0 0.186333 0.587000 0.006000 0.007333
0 0.080333 0.494667 0.006667 0.008000
0 0.047500 0.555333 0.005667 0.007333
0 0.061167 0.569667 0.006333 0.008000
0 0.054833 0.676833 0.009000 0.007000
0 0.158000 0.644333 0.007333 0.006667
0 0.163833 0.640833 0.007000 0.007667
0 0.123667 0.707667 0.008000 0.008667
0 0.157833 0.666667 0.007000 0.008000
0 0.132000 0.385500 0.008000 0.008333
0 0.255333 0.415833 0.010000 0.008333
0 0.307167 0.444500 0.009667 0.007000
0 0.289167 0.391000 0.007667 0.008000
0 0.360833 0.441667 0.007667 0.008667
0 0.347167 0.441000 0.006333 0.007333
0 0.268000 0.391667 0.005333 0.008000
0 0.313667 0.406000 0.005333 0.006667
0 0.255500 0.429833 0.007667 0.006333
0 0.206500 0.519167 0.006333 0.008333
0 0.205333 0.653333 0.008667 0.009333
0 0.226667 0.678333 0.007333 0.007333
0 0.062000 0.733167 0.007333 0.007667
0 0.078833 0.744667 0.009000 0.007333
0 0.220500 0.730667 0.009667 0.008667
0 0.173167 0.710833 0.007000 0.007667
0 0.149833 0.735000 0.007000 0.007333
0 0.461833 0.798333 0.005667 0.009333
0 0.005667 0.815833 0.005333 0.007000
0 0.006667 0.854333 0.006000 0.006667
0 0.004667 0.885833 0.006000 0.009667
0 0.093167 0.823167 0.006333 0.007000
0 0.443500 0.776167 0.007667 0.006333
0 0.486333 0.724667 0.008000 0.007333
0 0.471167 0.937667 0.007000 0.008667
0 0.468500 0.942667 0.007667 0.006667
0 0.839667 0.197833 0.008667 0.009667
0 0.828000 0.209833 0.007333 0.009000
0 0.847000 0.243000 0.011333 0.010000
0 0.911833 0.163500 0.011667 0.011667
0 0.951500 0.149167 0.009000 0.008333
0 0.917333 0.091833 0.008000 0.007667
0 0.890833 0.110167 0.009667 0.009000
0 0.983167 0.139000 0.010333 0.009333
0 0.935833 0.164167 0.007000 0.009667
0 0.945000 0.187833 0.008667 0.009000
0 0.931833 0.197333 0.007667 0.008000
0 0.894500 0.133333 0.010333 0.009333
0 0.871667 0.226667 0.007333 0.009333
0 0.759667 0.393500 0.009333 0.009667
0 0.824333 0.380000 0.010000 0.010000
0 0.823167 0.494500 0.008333 0.007667
0 0.989833 0.525167 0.009000 0.011667
0 0.757667 0.534667 0.006667 0.009333
0 0.797500 0.518500 0.009667 0.007000
0 0.777333 0.519500 0.009333 0.007667
0 0.784667 0.505167 0.006667 0.008333
0 0.835667 0.577500 0.008667 0.007667
0 0.887167 0.684333 0.009667 0.008667
0 0.903500 0.550833 0.007000 0.007667
0 0.728000 0.835333 0.005333 0.006667
0 0.958833 0.988333 0.007000 0.006667
0 0.454000 0.994833 0.006667 0.006333
0 0.097667 0.742833 0.006000 0.006333
0 0.881000 0.449333 0.014000 0.017333
0 0.745500 0.106500 0.009000 0.007667
