0 0.520833 0.665833 0.022333 0.020333
0 0.479833 0.707833 0.017000 0.013000
0 0.369167 0.706500 0.014333 0.019667
0 0.370500 0.779500 0.015667 0.016333
0 0.401500 0.594500 0.019000 0.017667
0 0.331500 0.834833 0.013667 0.013000
0 0.405167 0.532667 0.022333 0.015333
0 0.443000 0.515167 0.026000 0.020333
0 0.699500 0.320833 0.020333 0.022333
0 0.646000 0.240000 0.018000 0.020000
0 0.523000 0.139500 0.018000 0.017000
0 0.618833 0.275500 0.017000 0.027667
0 0.521500 0.175833 0.014333 0.017667
0 0.495000 0.199333 0.018667 0.011333
0 0.477333 0.195000 0.016000 0.018667
0 0.332000 0.129667 0.023333 0.018667
0 0.627667 0.424333 0.026667 0.025333
0 0.919333 0.580333 0.020000 0.017333
0 0.932667 0.545833 0.023333 0.024333
0 0.854167 0.440000 0.013000 0.020000
0 0.869500 0.472833 0.015000 0.008333
0 0.937500 0.574500 0.007667 0.008333
0 0.570167 0.537833 0.036333 0.036333
