0 0.572167 0.335167 0.031667 0.019000
0 0.636333 0.098833 0.016667 0.023667
0 0.515667 0.135500 0.011333 0.016333
0 0.473667 0.288500 0.024667 0.019667
0 0.413000 0.390167 0.022000 0.017667
0 0.360500 0.525167 0.019667 0.015667
0 0.382500 0.625333 0.017667 0.010000
0 0.291000 0.718500 0.014000 0.013667
0 0.320333 0.732000 0.014000 0.016000
0 0.537667 0.812000 0.016667 0.017333
0 0.587167 0.854500 0.013000 0.011667
0 0.512667 0.949667 0.013333 0.013333
0 0.486667 0.925000 0.014000 0.010667
0 0.452167 0.993333 0.015000 0.013333
0 0.687333 0.612500 0.014667 0.016333
0 0.828500 0.720667 0.013000 0.012667
0 0.668333 0.106000 0.014000 0.022667
