0 0.617000 0.178667 0.011333 0.012000
0 0.580333 0.256333 0.020000 0.014667
0 0.610000 0.285000 0.013333 0.010000
0 0.569833 0.149167 0.011667 0.009000
0 0.595833 0.147833 0.011667 0.011000
0 0.780167 0.093167 0.022333 0.019667
0 0.407833 0.114167 0.014333 0.013000
0 0.450833 0.087333 0.011000 0.007333
0 0.516667 0.099667 0.007333 0.007333
0 0.423833 0.028000 0.012333 0.009333
0 0.323667 0.091500 0.012000 0.013667
0 0.186000 0.171333 0.016000 0.016667
0 0.194667 0.236333 0.019333 0.014000
0 0.148000 0.201833 0.015333 0.018333
0 0.116333 0.222000 0.016667 0.010667
0 0.110000 0.348833 0.010000 0.014333
0 0.321000 0.472667 0.014667 0.014667
0 0.301000 0.409333 0.014000 0.014667
0 0.379333 0.514167 0.016667 0.014333
0 0.417167 0.504167 0.015667 0.017667
0 0.527667 0.408000 0.022667 0.017333
0 0.489000 0.417333 0.010000 0.018000
0 0.509333 0.452667 0.014667 0.016000
0 0.573833 0.621167 0.016333 0.013000
0 0.665333 0.616167 0.008667 0.015000
0 0.517667 0.678500 0.016667 0.017000
0 0.473000 0.744000 0.012000 0.010000
0 0.405333 0.720333 0.010667 0.016000
0 0.623667 0.844000 0.012000 0.010667
0 0.573167 0.815500 0.013000 0.010333
0 0.575667 0.806667 0.008000 0.008000
0 0.513333 0.878500 0.012667 0.011667
0 0.588500 0.892167 0.012333 0.011667
0 0.604000 0.887833 0.009333 0.011000
0 0.749667 0.244000 0.009333 0.010000
0 0.846167 0.026500 0.018333 0.012333
0 0.126500 0.045000 0.014333 0.012667
0 0.207000 0.035667 0.008667 0.008000
0 0.628500 0.868333 0.005667 0.010667
0 0.066167 0.673500 0.015000 0.016333
