0 0.505167 0.583333 0.020333 0.026667
0 0.535000 0.606500 0.015333 0.015000
0 0.540167 0.559000 0.013000 0.008000
0 0.513833 0.669333 0.015000 0.015333
0 0.606333 0.690500 0.015333 0.014333
0 0.622667 0.723000 0.012000 0.015333
0 0.663000 0.687833 0.014000 0.013000
0 0.678667 0.751833 0.016667 0.015000
0 0.728667 0.770833 0.021333 0.015667
0 0.471667 0.735667 0.015333 0.017333
0 0.459833 0.775500 0.009667 0.013667
0 0.467833 0.852833 0.009000 0.017667
0 0.468667 0.534000 0.018000 0.017333
0 0.473333 0.556500 0.016000 0.017667
0 0.445833 0.565000 0.015667 0.017333
0 0.355000 0.586833 0.016667 0.011667
0 0.333667 0.531500 0.012000 0.015667
0 0.310333 0.569667 0.012000 0.010000
0 0.296500 0.566833 0.011667 0.011667
0 0.221333 0.537667 0.017333 0.020000
0 0.308167 0.442500 0.017000 0.009667
0 0.299833 0.478000 0.014333 0.013333
0 0.312333 0.456167 0.012667 0.013000
0 0.273667 0.476333 0.023333 0.023333
0 0.150000 0.475167 0.016667 0.019000
0 0.161000 0.450000 0.018000 0.012667
0 0.183833 0.445167 0.017667 0.014333
0 0.254000 0.439500 0.015333 0.014333
0 0.531333 0.375167 0.008667 0.014333
0 0.371333 0.299333 0.012000 0.010667
0 0.212000 0.106833 0.011333 0.015667
0 0.096333 0.064167 0.014667 0.012333
0 0.099833 0.343500 0.016333 0.018333
0 0.192833 0.221667 0.012333 0.014000
0 0.268667 0.203000 0.015333 0.011333
0 0.301167 0.170500 0.014333 0.011667
0 0.338667 0.159167 0.016000 0.014333
0 0.072333 0.288167 0.016667 0.021000
0 0.014167 0.354000 0.019000 0.020000
0 0.143333 0.669500 0.017333 0.017667
0 0.095000 0.705667 0.014000 0.015333
0 0.064667 0.632167 0.016667 0.013667
0 0.021667 0.639333 0.018000 0.022000
0 0.032333 0.729333 0.014000 0.016667
0 0.246833 0.907333 0.017667 0.021333
0 0.354000 0.119833 0.012000 0.015667
0 0.324833 0.122667 0.017000 0.011333
0 0.324333 0.135167 0.015333 0.014333
0 0.545333 0.425833 0.009333 0.009667
0 0.644667 0.790833 0.010000 0.015667
0 0.607500 0.881667 0.007000 0.008667
0 0.561000 0.419500 0.009333 0.013000
0 0.412000 0.505500 0.010000 0.010333
0 0.444500 0.417333 0.007667 0.008000
