0 0.152500 0.445333 0.024333 0.018667
0 0.134667 0.482833 0.019333 0.027667
0 0.237000 0.396167 0.016667 0.021667
0 0.289500 0.456333 0.023667 0.018000
0 0.302667 0.472000 0.024000 0.020667
0 0.292667 0.647833 0.021333 0.019000
0 0.418167 0.736000 0.031000 0.027333
0 0.481333 0.784500 0.020667 0.016333
0 0.326833 0.789333 0.017667 0.018667
0 0.251500 0.823500 0.027667 0.025000
0 0.502333 0.639000 0.040000 0.028667
0 0.503833 0.612500 0.028333 0.027667
0 0.438500 0.636333 0.022333 0.026667
0 0.420667 0.589167 0.032000 0.019667
0 0.597167 0.771333 0.020333 0.019333
0 0.699500 0.832000 0.017667 0.016667
0 0.726833 0.930333 0.011000 0.020667
0 0.747000 0.918833 0.015333 0.017000
0 0.734833 0.981833 0.014333 0.015667
0 0.495167 0.948000 0.013667 0.016667
0 0.429833 0.957167 0.017000 0.017000
0 0.803500 0.691000 0.024333 0.020667
0 0.739167 0.691000 0.019000 0.016000
0 0.712833 0.627167 0.017000 0.017000
0 0.708000 0.752833 0.015333 0.013667
0 0.775500 0.745500 0.020333 0.015667
0 0.872000 0.657500 0.018667 0.017667
0 0.838333 0.746500 0.015333 0.019000
0 0.592667 0.420667 0.028667 0.030000
0 0.574500 0.544000 0.019667 0.020667
0 0.831667 0.318500 0.029333 0.029667
0 0.409500 0.237833 0.030333 0.033667
0 0.194500 0.188833 0.025000 0.034333
0 0.320167 0.295333 0.030333 0.028667
0 0.484667 0.337333 0.031333 0.029333
0 0.274667 0.062000 0.020000 0.023333
0 0.172833 0.054833 0.028333 0.030333
0 0.062333 0.070167 0.034000 0.028333
0 0.350167 0.395333 0.026333 0.028667
0 0.294167 0.565667 0.021667 0.026000
0 0.425667 0.508500 0.038667 0.033000
0 0.212500 0.745500 0.015667 0.015667
0 0.750167 0.869167 0.018333 0.019000
0 0.803000 0.775500 0.013333 0.017667
