0 0.515500 0.456000 0.014333 0.019333
0 0.526333 0.572833 0.024000 0.018333
0 0.537167 0.705500 0.012333 0.015667
0 0.299000 0.639500 0.018667 0.019667
0 0.420667 0.505167 0.021333 0.010333
0 0.149833 0.517333 0.017000 0.018667
0 0.162333 0.524167 0.015333 0.017000
0 0.230500 0.377000 0.015667 0.015333
0 0.329000 0.302333 0.022667 0.021333
0 0.297000 0.341333 0.022000 0.019333
0 0.619333 0.474333 0.020667 0.018667
0 0.650167 0.520000 0.019667 0.016667
0 0.551500 0.410333 0.022333 0.024000
0 0.669167 0.427000 0.021000 0.021333
0 0.116000 0.401500 0.018000 0.013667
0 0.188500 0.405333 0.032333 0.027333
0 0.264000 0.364333 0.018000 0.014667
0 0.200000 0.225667 0.016000 0.020000
0 0.647500 0.251667 0.021000 0.022667
0 0.813167 0.435333 0.022333 0.019333
0 0.907167 0.078000 0.017667 0.017333
0 0.158500 0.657333 0.019667 0.017333
