0 0.576667 0.590167 0.018667 0.017000
0 0.573667 0.609500 0.014667 0.018333
0 0.470833 0.502000 0.021000 0.018000
0 0.664167 0.449667 0.019667 0.018667
0 0.687500 0.539500 0.019000 0.025667
0 0.712667 0.500833 0.016667 0.021667
0 0.508833 0.803333 0.017000 0.018667
0 0.513833 0.830000 0.015667 0.017333
0 0.348000 0.522167 0.014000 0.016333
0 0.307667 0.474333 0.016667 0.014667
0 0.251167 0.461833 0.013667 0.017000
0 0.499667 0.400667 0.018667 0.018667
0 0.374000 0.408333 0.017333 0.021333
0 0.178833 0.377000 0.016333 0.019333
0 0.331500 0.122667 0.016333 0.018000
0 0.435167 0.082000 0.021667 0.020667
0 0.520833 0.057667 0.017667 0.018667
0 0.429167 0.058000 0.016333 0.017333
0 0.593833 0.315000 0.015000 0.014667
0 0.620667 0.372000 0.011333 0.011333
0 0.636667 0.343000 0.010000 0.013333
0 0.674500 0.225333 0.014333 0.014000
0 0.058667 0.946000 0.022667 0.017333
0 0.102333 0.969833 0.025333 0.023000
0 0.193167 0.770833 0.041667 0.035667
