0 0.442000 0.263667 0.026667 0.026000
0 0.459167 0.308167 0.023667 0.024333
0 0.376667 0.320500 0.029333 0.019667
0 0.203000 0.654667 0.030000 0.026000
0 0.434333 0.031833 0.036000 0.024333
0 0.329833 0.209500 0.025000 0.030333
0 0.101333 0.369667 0.026667 0.026667
0 0.075333 0.462000 0.028667 0.022667
0 0.598167 0.467667 0.027000 0.022667
0 0.600000 0.552667 0.026000 0.030000
0 0.405000 0.703000 0.029333 0.033333
0 0.153000 0.778167 0.024667 0.037667
0 0.498833 0.234333 0.035000 0.034000
0 0.341667 0.480667 0.037333 0.040667
0 0.106167 0.420500 0.028333 0.029000
0 0.273333 0.123667 0.040667 0.044000
0 0.476167 0.697500 0.030333 0.022333
0 0.583500 0.311167 0.030333 0.031667
0 0.266500 0.428333 0.038333 0.048000
0 0.341500 0.076500 0.027667 0.034333
0 0.293667 0.054667 0.034000 0.032667
0 0.646167 0.566000 0.020333 0.022667
0 0.645667 0.612500 0.012000 0.021667
0 0.630000 0.524167 0.022667 0.018333
0 0.512667 0.476667 0.026000 0.022667
0 0.525667 0.437667 0.034000 0.036000
0 0.564000 0.247333 0.026667 0.019333
