0 0.489667 0.459667 0.012667 0.012000
0 0.422500 0.445333 0.012333 0.009333
0 0.442167 0.570833 0.006333 0.014333
0 0.642500 0.639667 0.015000 0.014667
0 0.694167 0.465833 0.010333 0.009667
0 0.864667 0.465833 0.011333 0.012333
0 0.546833 0.369833 0.007000 0.011000
0 0.707333 0.754167 0.009333 0.018333
0 0.775333 0.877167 0.012000 0.019000
0 0.670833 0.840333 0.016333 0.012667
0 0.567667 0.861167 0.011333 0.017667
0 0.621500 0.804667 0.015667 0.025333
0 0.435167 0.841000 0.014333 0.012667
0 0.491500 0.774500 0.011000 0.022333
0 0.670833 0.905333 0.015000 0.016000
0 0.673667 0.918833 0.006000 0.011000
0 0.359833 0.514167 0.012333 0.011667
0 0.372667 0.371833 0.008000 0.011667
0 0.428667 0.319500 0.010667 0.011000
0 0.959333 0.536333 0.010667 0.009333
0 0.395667 0.683333 0.006000 0.012667
0 0.546333 0.693167 0.006667 0.007000
0 0.652167 0.786667 0.007667 0.010000
0 0.601667 0.664333 0.006667 0.006667
0 0.672500 0.251000 0.023000 0.028667
