0 0.645833 0.583167 0.019000 0.015000
0 0.546500 0.685667 0.014333 0.022667
0 0.546500 0.606833 0.015667 0.017000
0 0.528667 0.581167 0.016000 0.019667
0 0.476333 0.590000 0.024000 0.018667
0 0.426667 0.622167 0.025333 0.019667
0 0.512167 0.783000 0.017667 0.015333
0 0.626667 0.879500 0.014000 0.017000
0 0.657167 0.898000 0.013000 0.018667
0 0.696667 0.767000 0.014667 0.014000
0 0.615667 0.923167 0.016667 0.013000
0 0.605167 0.950500 0.017000 0.015000
0 0.606500 0.986167 0.011667 0.012333
0 0.583667 0.991500 0.014667 0.017000
0 0.555167 0.977667 0.013667 0.014667
0 0.589167 0.926500 0.013000 0.019667
0 0.563833 0.902500 0.015667 0.021667
0 0.521667 0.912667 0.014667 0.019333
0 0.293667 0.554833 0.010000 0.017000
0 0.352833 0.486000 0.012333 0.016000
0 0.557000 0.472000 0.016667 0.013333
0 0.400167 0.497833 0.015000 0.012333
0 0.307833 0.300167 0.017667 0.014333
0 0.225333 0.353333 0.019333 0.016667
0 0.219667 0.313500 0.015333 0.018333
0 0.175333 0.283500 0.016667 0.015000
0 0.150667 0.326167 0.025333 0.017000
0 0.357833 0.187333 0.016333 0.018667
0 0.617333 0.213833 0.018667 0.014333
0 0.658333 0.384667 0.013333 0.014000
0 0.618833 0.307667 0.011000 0.018667
0 0.761167 0.364000 0.017667 0.019333
0 0.380333 0.079833 0.016000 0.017667
0 0.471667 0.113167 0.015333 0.020333
0 0.113667 0.101000 0.019333 0.020000
0 0.206833 0.035000 0.020333 0.016667
0 0.304667 0.163333 0.012667 0.012667
0 0.108833 0.165833 0.029000 0.031667
0 0.284333 0.266500 0.017333 0.015667
