0 0.349000 0.243667 0.010667 0.011333
0 0.344833 0.288000 0.009000 0.007333
0 0.440000 0.370000 0.007333 0.007333
0 0.460167 0.390500 0.007000 0.007667
0 0.434167 0.428667 0.005667 0.009333
0 0.435833 0.445167 0.005667 0.009667
0 0.297500 0.248667 0.005000 0.007333
0 0.320333 0.269667 0.007333 0.006667
0 0.330500 0.246000 0.008333 0.008667
0 0.286500 0.276167 0.007667 0.007000
0 0.525167 0.337500 0.009000 0.009000
0 0.062333 0.019667 0.009333 0.009333
0 0.040833 0.056500 0.008333 0.007667
0 0.060667 0.064333 0.008667 0.007333
0 0.031333 0.069667 0.007333 0.006667
0 0.009833 0.061833 0.009000 0.008333
0 0.024500 0.027167 0.009000 0.007667
0 0.070000 0.042500 0.008000 0.007000
0 0.011833 0.013000 0.009667 0.007333
0 0.289667 0.033167 0.008000 0.007667
0 0.248000 0.254500 0.008667 0.007000
0 0.129167 0.239000 0.007667 0.007333
0 0.065500 0.200667 0.008333 0.008000
0 0.079333 0.189667 0.006667 0.008667
0 0.044167 0.174500 0.007667 0.007000
0 0.011167 0.193333 0.007000 0.006000
0 0.014000 0.203167 0.006667 0.006333
0 0.020000 0.214000 0.006667 0.007333
0 0.311667 0.200167 0.006000 0.007000
0 0.461500 0.149000 0.011000 0.010667
0 0.451833 0.149500 0.006333 0.009000
0 0.519667 0.161000 0.010667 0.008667
0 0.524500 0.238000 0.011667 0.009333
0 0.561167 0.316500 0.007667 0.007000
0 0.696833 0.347333 0.008333 0.008667
0 0.751167 0.437667 0.007000 0.008000
0 0.953000 0.528333 0.008667 0.008667
0 0.818667 0.556000 0.006000 0.007333
0 0.785167 0.533333 0.005000 0.006000
0 0.760000 0.651333 0.008000 0.007333
0 0.656833 0.603167 0.007000 0.010333
0 0.470000 0.559833 0.006667 0.008333
0 0.568500 0.576000 0.005000 0.006667
0 0.427000 0.664167 0.007333 0.010333
0 0.468333 0.711000 0.008000 0.006667
0 0.349667 0.785167 0.006000 0.009000
0 0.374167 0.817833 0.007000 0.011000
0 0.149500 0.826667 0.005667 0.006667
0 0.306000 0.935500 0.008000 0.009667
0 0.337667 0.856667 0.008667 0.008667
0 0.235167 0.772167 0.006333 0.007667
0 0.117667 0.895500 0.006000 0.006333
0 0.309167 0.983000 0.009000 0.009333
0 0.317667 0.873500 0.008000 0.007667
0 0.250167 0.813000 0.009667 0.008000
0 0.479000 0.986667 0.007333 0.008000
0 0.608333 0.985000 0.008000 0.008000
0 0.688167 0.934333 0.006333 0.009333
0 0.806667 0.943167 0.007333 0.009000
0 0.966000 0.740500 0.007333 0.005667
0 0.612167 0.759833 0.005667 0.006333
0 0.660667 0.723167 0.007333 0.006333
0 0.671333 0.376000 0.006667 0.008000
0 0.981833 0.158500 0.008333 0.008333
0 0.964667 0.151667 0.006667 0.008000
0 0.666667 0.180000 0.005333 0.006667
0 0.685000 0.027333 0.011333 0.009333
0 0.947167 0.076833 0.005667 0.005667
0 0.071333 0.131500 0.006667 0.007667
0 0.080667 0.063167 0.007333 0.009667
0 0.086667 0.141167 0.008000 0.007667
0 0.008667 0.235500 0.007333 0.007000
0 0.017333 0.182333 0.008667 0.010000
0 0.092167 0.172667 0.007667 0.006667
0 0.053333 0.120833 0.008000 0.007667
0 0.030000 0.037000 0.008667 0.008000
0 0.077333 0.027667 0.010667 0.007333
0 0.318333 0.641667 0.006667 0.006667
0 0.297000 0.747833 0.006667 0.007667
0 0.262333 0.808667 0.006667 0.011333
0 0.281500 0.914667 0.009667 0.008667
0 0.538000 0.196167 0.009333 0.015000
0 0.824833 0.169500 0.011667 0.014333
0 0.023000 0.493000 0.006667 0.004667
0 0.070333 0.556833 0.004000 0.006333
0 0.117833 0.406833 0.005000 0.006333
0 0.263667 0.863833 0.006000 0.006333
0 0.198167 0.952667 0.005667 0.006667
