0 0.697500 0.268667 0.017000 0.016000
0 0.573167 0.265000 0.013667 0.020667
0 0.601333 0.276833 0.006667 0.006333
0 0.644667 0.428333 0.018000 0.015333
0 0.550167 0.365000 0.005667 0.005333
0 0.606167 0.296167 0.006333 0.005667
0 0.603833 0.334667 0.004333 0.006000
0 0.638333 0.346667 0.004667 0.004667
0 0.645500 0.362833 0.003667 0.003667
0 0.571667 0.455500 0.016000 0.013000
0 0.605667 0.490000 0.010000 0.014667
0 0.497500 0.446667 0.022333 0.018667
0 0.427333 0.356833 0.012000 0.017000
0 0.508833 0.471167 0.010333 0.015667
0 0.664500 0.486333 0.013667 0.014667
0 0.613833 0.513333 0.013667 0.013333
0 0.548833 0.567167 0.005000 0.005000
0 0.504000 0.665000 0.007333 0.011333
0 0.430500 0.686167 0.014333 0.013667
0 0.438667 0.749333 0.008000 0.014000
0 0.466167 0.825000 0.011000 0.015333
0 0.282667 0.813333 0.014000 0.016000
0 0.319833 0.860000 0.011000 0.019333
0 0.493500 0.965333 0.019667 0.020000
0 0.526167 0.904333 0.013000 0.021333
0 0.431667 0.933000 0.011333 0.011333
0 0.456000 0.842167 0.014667 0.013000
0 0.432833 0.873000 0.012333 0.011333
0 0.408833 0.860500 0.008333 0.018333
0 0.284333 0.739000 0.006667 0.006667
0 0.360667 0.671667 0.006000 0.005333
0 0.340333 0.696000 0.007333 0.012667
0 0.269000 0.633500 0.006000 0.006333
0 0.283000 0.654500 0.006000 0.007000
0 0.391000 0.574000 0.005333 0.005333
0 0.199500 0.610167 0.005667 0.006333
0 0.283500 0.461167 0.020333 0.023000
0 0.233333 0.457500 0.004667 0.004333
0 0.645833 0.172833 0.011667 0.016333
0 0.662333 0.283833 0.004667 0.004333
0 0.515333 0.047667 0.017333 0.018000
0 0.464500 0.104833 0.012333 0.014333
0 0.462833 0.040833 0.013000 0.014333
0 0.418333 0.116333 0.005333 0.007333
0 0.228667 0.266500 0.018000 0.012333
0 0.306667 0.459167 0.006000 0.006333
0 0.219833 0.501500 0.005667 0.004333
0 0.440667 0.072167 0.007333 0.008333
0 0.606833 0.688667 0.011000 0.010000
0 0.457667 0.915333 0.008000 0.011333
0 0.384000 0.182500 0.011333 0.009000
0 0.374000 0.251833 0.008000 0.008333
0 0.332500 0.186667 0.009000 0.010667
0 0.392333 0.053500 0.012667 0.009667
0 0.175000 0.575333 0.006667 0.006667
0 0.109500 0.612667 0.009000 0.007333
0 0.110500 0.603667 0.008333 0.009333
0 0.262667 0.603167 0.005333 0.006333
0 0.111833 0.620500 0.012333 0.010333
0 0.159833 0.481833 0.005000 0.005000
