0 0.378500 0.493333 0.023667 0.018667
0 0.386333 0.561000 0.022000 0.016667
0 0.366500 0.823333 0.017000 0.016667
0 0.153833 0.839333 0.019000 0.012667
0 0.112333 0.758500 0.014000 0.014333
0 0.107667 0.596167 0.016667 0.013000
0 0.056333 0.580333 0.019333 0.019333
0 0.010333 0.487000 0.019333 0.024667
0 0.390000 0.244500 0.016667 0.017667
0 0.312000 0.172667 0.016000 0.020667
0 0.560333 0.091500 0.020667 0.013667
0 0.580833 0.243000 0.019000 0.014000
0 0.820167 0.189667 0.015000 0.016000
0 0.720000 0.118000 0.021333 0.013333
0 0.798500 0.380833 0.016333 0.014333
0 0.960833 0.405000 0.013000 0.015333
0 0.668500 0.383500 0.021000 0.010333
0 0.773333 0.360333 0.020000 0.018000
0 0.740833 0.482333 0.027000 0.023333
0 0.677167 0.777167 0.013000 0.011667
0 0.859333 0.983833 0.016000 0.018333
0 0.082500 0.212667 0.019000 0.022000
