0 0.444500 0.474000 0.010333 0.010000
0 0.420000 0.461333 0.008667 0.007333
0 0.464333 0.553000 0.008000 0.008000
0 0.245833 0.702500 0.008333 0.005667
0 0.271333 0.721000 0.008000 0.008667
0 0.978833 0.843500 0.007667 0.009667
0 0.811500 0.530500 0.009000 0.008333
0 0.859500 0.196333 0.006333 0.008000
0 0.908000 0.216833 0.008000 0.007000
0 0.933500 0.266000 0.007000 0.005333
0 0.943833 0.255833 0.004333 0.005667
0 0.866000 0.493833 0.003333 0.004333
0 0.851667 0.412500 0.006000 0.007000
0 0.900333 0.471000 0.004000 0.004000
0 0.655000 0.569500 0.006667 0.008333
0 0.631500 0.608333 0.006333 0.006667
0 0.555500 0.548000 0.007000 0.006667
0 0.601667 0.651833 0.008000 0.008333
0 0.527667 0.800500 0.005333 0.007000
0 0.517833 0.800667 0.006333 0.008000
0 0.469333 0.905167 0.008667 0.008333
0 0.476500 0.933167 0.008333 0.007000
0 0.513667 0.814833 0.004667 0.005667
0 0.761667 0.943667 0.002667 0.006000
0 0.462000 0.729667 0.006000 0.010000
0 0.422833 0.716667 0.007000 0.008000
0 0.575500 0.590000 0.006333 0.008667
0 0.676833 0.938833 0.007667 0.006333
0 0.330333 0.915000 0.008000 0.008667
0 0.303667 0.803167 0.009333 0.009000
0 0.303833 0.767167 0.007000 0.007000
0 0.430833 0.986833 0.006333 0.006333
0 0.356000 0.864000 0.008000 0.006667
0 0.278667 0.991167 0.004667 0.006333
0 0.323333 0.964000 0.006667 0.005333
0 0.302500 0.984833 0.005667 0.007667
0 0.304167 0.719000 0.008333 0.007333
0 0.342833 0.713000 0.007000 0.007333
0 0.275000 0.579833 0.007333 0.009667
0 0.176500 0.562333 0.008333 0.008667
0 0.249833 0.399667 0.007000 0.006000
0 0.226833 0.460833 0.005667 0.013000
0 0.305833 0.246167 0.007667 0.007000
0 0.308000 0.148667 0.007333 0.008000
0 0.289500 0.142833 0.008333 0.006333
0 0.284167 0.123500 0.007667 0.007000
0 0.247833 0.171333 0.006333 0.009333
0 0.231500 0.221667 0.008333 0.008000
0 0.220000 0.311167 0.009333 0.007667
0 0.190667 0.305167 0.008667 0.007000
0 0.127667 0.278167 0.006000 0.007000
0 0.095500 0.347000 0.008333 0.006000
0 0.606833 0.151333 0.006333 0.006667
0 0.774000 0.018333 0.004667 0.006000
0 0.820333 0.008833 0.004000 0.006333
0 0.994000 0.059167 0.006667 0.006333
0 0.971333 0.056000 0.004667 0.004000
0 0.927500 0.826167 0.003667 0.004333
0 0.601667 0.698833 0.007333 0.013000
0 0.459667 0.693000 0.008000 0.008000
0 0.471833 0.868667 0.005667 0.006000
0 0.449833 0.846500 0.013000 0.009667
0 0.373000 0.855833 0.005333 0.005667
0 0.467833 0.459500 0.006333 0.008333
0 0.445667 0.390833 0.006000 0.008333
0 0.524500 0.435333 0.005000 0.007333
0 0.541000 0.297833 0.006667 0.011000
0 0.313333 0.558667 0.008000 0.006000
0 0.331500 0.692500 0.005667 0.009000
0 0.543667 0.491833 0.007333 0.006333
0 0.035833 0.838667 0.011667 0.013333
0 0.050333 0.771000 0.010667 0.012667
0 0.065000 0.718167 0.011333 0.013000
0 0.180000 0.584167 0.012667 0.013667
0 0.006333 0.823833 0.009333 0.012333
0 0.079667 0.742667 0.009333 0.012667
0 0.079167 0.814167 0.007000 0.010333
