0 0.478333 0.437500 0.008667 0.008333
0 0.494833 0.567333 0.010333 0.009333
0 0.553000 0.751333 0.007333 0.006667
0 0.590000 0.778667 0.004667 0.008667
0 0.502500 0.972000 0.007667 0.008000
0 0.804000 0.699500 0.005333 0.007000
0 0.865167 0.706000 0.007000 0.006000
0 0.657333 0.840667 0.009333 0.007333
0 0.574000 0.599167 0.004000 0.006333
0 0.581833 0.492667 0.008333 0.006667
0 0.409167 0.183000 0.008333 0.010667
0 0.363500 0.049167 0.007000 0.007667
0 0.201500 0.779000 0.006333 0.006667
0 0.287333 0.664833 0.010667 0.004333
0 0.244167 0.957833 0.009000 0.006333
0 0.160833 0.660000 0.005667 0.006667
0 0.299500 0.389167 0.005000 0.007000
0 0.716667 0.192667 0.011333 0.008667
0 0.754167 0.602500 0.007667 0.007667
0 0.847833 0.727500 0.007000 0.005667
0 0.858000 0.751833 0.010000 0.007667
0 0.877167 0.784667 0.005667 0.008667
0 0.837833 0.716833 0.005667 0.005667
0 0.848667 0.706167 0.009333 0.006333
0 0.945833 0.700667 0.007000 0.009333
0 0.855333 0.925500 0.008000 0.008333
0 0.310333 0.696833 0.010000 0.007667
0 0.636000 0.360333 0.010667 0.011333
0 0.051333 0.904833 0.013333 0.014333
0 0.160500 0.578833 0.010333 0.009000
0 0.146667 0.812833 0.010667 0.010333
0 0.119500 0.899167 0.007000 0.009000
0 0.410667 0.986000 0.012000 0.010667
0 0.764333 0.944500 0.006000 0.010333
0 0.753667 0.975667 0.008667 0.008667
0 0.772833 0.834167 0.007000 0.007000
0 0.846833 0.485167 0.009000 0.012333
0 0.946500 0.261000 0.009000 0.008667
0 0.791500 0.017500 0.010333 0.007667
0 0.536500 0.237000 0.007667 0.009333
0 0.249000 0.034000 0.007333 0.010667
0 0.039000 0.105667 0.012000 0.011333
0 0.192667 0.348667 0.009333 0.009333
0 0.175167 0.568167 0.012333 0.009000
0 0.978167 0.585167 0.013667 0.011000
0 0.968500 0.610667 0.013000 0.012000
0 0.963000 0.629833 0.008000 0.013667
0 0.939667 0.826833 0.008000 0.011000
0 0.907333 0.833833 0.006667 0.009667
0 0.786000 0.785000 0.006667 0.006667
0 0.822667 0.841333 0.007333 0.006667
0 0.607167 0.937833 0.007667 0.007667
0 0.171667 0.547167 0.007333 0.008333
0 0.127000 0.171833 0.007333 0.007667
