0 0.591167 0.466000 0.007000 0.010000
0 0.695667 0.587500 0.008667 0.009667
0 0.634667 0.557667 0.011333 0.010667
0 0.696333 0.454500 0.008000 0.009000
0 0.373667 0.400500 0.010000 0.007667
0 0.374000 0.636667 0.008000 0.010000
0 0.059500 0.785833 0.009667 0.009667
0 0.242000 0.926000 0.009333 0.007333
0 0.082667 0.801833 0.009333 0.007667
0 0.017167 0.826500 0.005667 0.009667
0 0.439000 0.799000 0.010000 0.008667
0 0.511167 0.813833 0.008333 0.011000
0 0.530667 0.771000 0.008000 0.011333
0 0.063500 0.685500 0.006333 0.007667
0 0.068667 0.662167 0.006667 0.009000
0 0.024000 0.688667 0.008000 0.009333
0 0.118333 0.515167 0.008667 0.008333
0 0.099500 0.548333 0.008333 0.009333
0 0.141500 0.083833 0.007667 0.007000
0 0.488833 0.245000 0.010333 0.010667
0 0.642667 0.389333 0.007333 0.013333
0 0.619833 0.335167 0.006333 0.009667
0 0.555167 0.250000 0.009667 0.008000
0 0.570833 0.285167 0.008333 0.009000
0 0.609667 0.306833 0.008000 0.010333
0 0.677000 0.214500 0.008667 0.007000
0 0.486500 0.449667 0.007000 0.009333
0 0.626167 0.658667 0.009667 0.007333
0 0.876167 0.470000 0.006333 0.010000
0 0.874167 0.479333 0.008333 0.007333
0 0.901167 0.441667 0.006333 0.007333
0 0.906167 0.390500 0.007667 0.009000
0 0.880333 0.911833 0.008667 0.008333
0 0.645667 0.874000 0.009333 0.008667
0 0.667833 0.987667 0.008333 0.008000
0 0.744333 0.995000 0.011333 0.010000
0 0.497833 0.859667 0.007000 0.008000
0 0.486167 0.584500 0.009000 0.009667
0 0.231000 0.584000 0.008000 0.011333
0 0.233000 0.163000 0.008000 0.006000
0 0.942833 0.094333 0.011667 0.008000
0 0.959000 0.095667 0.010667 0.008667
0 0.819000 0.174000 0.008667 0.008000
0 0.841833 0.319667 0.009000 0.008667
0 0.554333 0.312667 0.008667 0.008000
0 0.462500 0.275167 0.009000 0.009000
0 0.562667 0.516167 0.006667 0.009667
0 0.544833 0.463667 0.007667 0.010667
0 0.191000 0.642667 0.008667 0.007333
0 0.039000 0.654000 0.006667 0.008000
