0 0.376000 0.622333 0.018667 0.015333
0 0.397167 0.425667 0.014333 0.012000
0 0.432000 0.405500 0.018000 0.011000
0 0.486667 0.326167 0.014667 0.014333
0 0.463667 0.260167 0.016000 0.016333
0 0.441000 0.264667 0.017333 0.018000
0 0.275333 0.351000 0.017333 0.012667
0 0.312833 0.390167 0.019000 0.019667
0 0.189333 0.784167 0.018000 0.014333
0 0.328500 0.921833 0.013000 0.017667
0 0.252167 0.970667 0.013667 0.012667
0 0.701167 0.425167 0.009667 0.011000
0 0.245667 0.071833 0.014667 0.013667
0 0.185833 0.066667 0.011000 0.013333
0 0.312500 0.131667 0.009667 0.013333
0 0.851667 0.127833 0.012667 0.017667
0 0.586333 0.106167 0.014000 0.013667
0 0.723167 0.466333 0.008333 0.011333
0 0.498167 0.636167 0.013667 0.013000
0 0.407333 0.703000 0.014667 0.016667
0 0.467167 0.892833 0.014333 0.016333
0 0.115500 0.988000 0.017000 0.010667
0 0.522167 0.780000 0.010333 0.011333
0 0.645167 0.704667 0.011000 0.009333
0 0.612167 0.103000 0.015000 0.015333
0 0.708500 0.560667 0.011000 0.011333
0 0.467167 0.967833 0.011000 0.010333
0 0.372500 0.979667 0.011000 0.011333
0 0.485167 0.994500 0.007667 0.011000
0 0.161667 0.973333 0.015333 0.019333
0 0.113167 0.968833 0.012333 0.011000
0 0.445000 0.075333 0.009333 0.014000
