0 0.583667 0.364167 0.004667 0.005000
0 0.568167 0.369167 0.004333 0.004333
0 0.733500 0.424667 0.013000 0.014000
0 0.577000 0.329500 0.006000 0.005667
0 0.606500 0.341500 0.005000 0.005667
0 0.618000 0.418000 0.005333 0.005333
0 0.585667 0.429167 0.005333 0.005000
0 0.607500 0.433833 0.004333 0.004333
0 0.618000 0.481333 0.006667 0.005333
0 0.470167 0.402500 0.010333 0.011000
0 0.369333 0.399500 0.004667 0.004333
0 0.364333 0.482833 0.004000 0.005000
0 0.375000 0.530000 0.013333 0.016000
0 0.328500 0.551500 0.003667 0.003000
0 0.338500 0.537667 0.006333 0.006000
0 0.433167 0.598667 0.012333 0.019333
0 0.319833 0.753500 0.013667 0.012333
0 0.324333 0.809500 0.004667 0.006333
0 0.440667 0.835167 0.004667 0.005667
0 0.514833 0.758667 0.011000 0.012667
0 0.580500 0.730000 0.005667 0.006667
0 0.781500 0.369667 0.005000 0.005333
0 0.803167 0.255000 0.007667 0.004667
0 0.181833 0.419833 0.022333 0.014333
0 0.488667 0.789667 0.006000 0.010667
0 0.464167 0.715500 0.005000 0.004333
0 0.401333 0.639333 0.006000 0.005333
0 0.334167 0.619000 0.005000 0.004667
0 0.499333 0.528833 0.008000 0.006333
0 0.478167 0.556333 0.003667 0.005333
0 0.487500 0.579167 0.005000 0.005000
0 0.300333 0.547833 0.005333 0.004333
0 0.287333 0.529000 0.004667 0.004000
0 0.410333 0.416667 0.004000 0.004000
0 0.499500 0.445500 0.004333 0.004333
0 0.552167 0.543333 0.009667 0.012667
0 0.650667 0.440833 0.004667 0.003667
0 0.664167 0.421000 0.005667 0.004000
0 0.695833 0.440833 0.005667 0.004333
0 0.666000 0.336500 0.006000 0.005000
0 0.684333 0.317500 0.005333 0.003667
0 0.566167 0.407000 0.004333 0.004667
0 0.435833 0.969167 0.016333 0.016333
0 0.657000 0.672500 0.021333 0.021000
0 0.713833 0.289167 0.016333 0.025000
0 0.722500 0.356333 0.019000 0.018000
0 0.372167 0.363167 0.006333 0.005000
0 0.445000 0.334500 0.004000 0.005000
0 0.465167 0.273833 0.005000 0.004333
0 0.579167 0.233167 0.007667 0.008333
0 0.532167 0.280833 0.005000 0.005667
0 0.594167 0.318333 0.003000 0.005333
0 0.616000 0.453333 0.006000 0.005333
0 0.556500 0.470000 0.004333 0.004667
0 0.553833 0.506167 0.004333 0.005000
0 0.666000 0.538000 0.004000 0.004667
0 0.620833 0.627500 0.005000 0.004333
0 0.543333 0.611500 0.006000 0.006333
0 0.507000 0.570167 0.003333 0.004333
0 0.428667 0.799333 0.006000 0.004000
0 0.606000 0.777167 0.004667 0.005000
0 0.501667 0.715333 0.006000 0.005333
0 0.520333 0.740833 0.005333 0.003667
0 0.685167 0.564333 0.005000 0.006000
0 0.661667 0.492500 0.005333 0.005667
0 0.548500 0.409333 0.003667 0.004667
0 0.595833 0.287500 0.004333 0.003667
0 0.439667 0.290333 0.005333 0.004000
0 0.534500 0.248500 0.005000 0.005667
0 0.466167 0.336500 0.003667 0.005000
0 0.461167 0.384833 0.004333 0.006333
0 0.525167 0.415167 0.005000 0.005667
0 0.504500 0.495500 0.004333 0.005000
0 0.287000 0.442833 0.005333 0.003667
0 0.342667 0.514000 0.004000 0.006000
0 0.402000 0.532667 0.003333 0.006000
0 0.266167 0.666167 0.004333 0.005000
0 0.563000 0.862167 0.004667 0.005000
0 0.511833 0.830333 0.005667 0.006000
0 0.318333 0.697167 0.005333 0.005667
0 0.243833 0.483833 0.004333 0.005000
0 0.574833 0.384333 0.003667 0.004000
