0 0.515000 0.543500 0.008667 0.014333
0 0.519000 0.482167 0.010667 0.009000
0 0.423667 0.645667 0.010000 0.011333
0 0.764000 0.522667 0.009333 0.008000
0 0.637167 0.370333 0.010333 0.011333
0 0.742000 0.463333 0.009333 0.010667
0 0.781167 0.447000 0.008333 0.010000
0 0.563500 0.649000 0.011000 0.013333
0 0.559500 0.853000 0.011000 0.012667
0 0.758667 0.978000 0.008000 0.012000
0 0.519167 0.675500 0.015000 0.013667
0 0.279667 0.650000 0.008667 0.009333
0 0.187000 0.674333 0.011333 0.012667
0 0.163000 0.868000 0.010000 0.016000
0 0.313167 0.737667 0.007667 0.011333
0 0.076667 0.662333 0.007333 0.015333
0 0.076000 0.970167 0.012667 0.017000
0 0.064333 0.991000 0.010667 0.013333
0 0.058667 0.964833 0.009333 0.011667
0 0.014000 0.971500 0.008000 0.012333
0 0.037167 0.891333 0.009000 0.010667
0 0.118000 0.508333 0.010667 0.010000
0 0.138667 0.533167 0.006667 0.010333
0 0.089667 0.349500 0.006000 0.005667
0 0.700333 0.192500 0.008667 0.014333
0 0.682333 0.249667 0.013333 0.012000
0 0.274667 0.794167 0.011333 0.008333
0 0.832500 0.962000 0.009667 0.009333
0 0.957000 0.882667 0.008000 0.010000
0 0.746500 0.137167 0.009000 0.007000
0 0.458000 0.366667 0.007333 0.010000
0 0.819000 0.311667 0.007333 0.014000
0 0.647833 0.070667 0.015667 0.013333
0 0.838500 0.310667 0.012333 0.012000
