0 0.210500 0.622333 0.013000 0.010667
0 0.136833 0.688500 0.011000 0.012333
0 0.087000 0.712667 0.009333 0.012000
0 0.124667 0.794667 0.011333 0.010667
0 0.087333 0.760167 0.008667 0.010333
0 0.242833 0.399167 0.008333 0.008333
0 0.250000 0.023167 0.008667 0.010333
0 0.653000 0.328333 0.006667 0.006667
0 0.674833 0.372833 0.007000 0.007667
0 0.723167 0.207667 0.011000 0.008667
0 0.242000 0.301167 0.010667 0.009000
0 0.148500 0.374000 0.012333 0.010667
0 0.454333 0.941000 0.008000 0.008667
0 0.802333 0.169500 0.014000 0.011667
0 0.885333 0.193167 0.010667 0.010333
0 0.803000 0.117000 0.007333 0.008667
0 0.810167 0.275167 0.012333 0.009667
0 0.781333 0.235000 0.010667 0.010000
0 0.944667 0.072333 0.008000 0.006667
0 0.584333 0.490000 0.007333 0.007333
0 0.747333 0.577333 0.010667 0.008000
0 0.392667 0.285167 0.008000 0.007667
0 0.282333 0.600167 0.008000 0.010333
0 0.060500 0.513000 0.012333 0.009333
0 0.040167 0.681333 0.009000 0.010000
0 0.800333 0.245667 0.010000 0.014000
0 0.789167 0.185000 0.006333 0.008667
0 0.519333 0.119167 0.006667 0.003667
0 0.548167 0.088667 0.005000 0.005333
0 0.233833 0.729333 0.010333 0.008000
0 0.305167 0.736000 0.013000 0.014667
0 0.481833 0.560333 0.009667 0.009333
0 0.580500 0.541000 0.011667 0.008667
0 0.578833 0.654667 0.009000 0.008667
0 0.571167 0.667167 0.008333 0.009667
0 0.050833 0.815500 0.008333 0.010333
0 0.860000 0.419167 0.006667 0.009000
0 0.895333 0.414000 0.010667 0.008667
0 0.876667 0.418333 0.006667 0.007333
0 0.839500 0.949167 0.011000 0.009667
0 0.814000 0.913500 0.008000 0.008333
0 0.882167 0.308500 0.007000 0.007000
