0 0.399333 0.227833 0.012000 0.014333
0 0.376333 0.590667 0.012667 0.013333
0 0.786167 0.326167 0.010333 0.013000
0 0.795000 0.338167 0.012000 0.014333
0 0.595333 0.571833 0.010667 0.012333
0 0.790167 0.477833 0.012333 0.015667
0 0.630667 0.941333 0.012000 0.016000
0 0.282333 0.384167 0.012667 0.013000
0 0.555500 0.108333 0.010333 0.012000
0 0.220167 0.212000 0.011000 0.010000
0 0.639667 0.506500 0.012667 0.011000
0 0.610000 0.023667 0.014667 0.021333
0 0.920833 0.094833 0.013667 0.013667
0 0.334667 0.711500 0.014000 0.013000
0 0.070333 0.685000 0.013333 0.010000
0 0.789500 0.429167 0.011000 0.009667
0 0.467500 0.416167 0.009000 0.015667
0 0.632000 0.271500 0.009333 0.010333
0 0.606167 0.432333 0.009667 0.010000
0 0.757000 0.380833 0.009333 0.011000
0 0.272167 0.335167 0.008333 0.007667
0 0.441833 0.058000 0.009000 0.008667
0 0.430333 0.087000 0.012000 0.007333
0 0.381167 0.151667 0.007000 0.008667
0 0.748000 0.401833 0.006667 0.006333
0 0.804667 0.584500 0.006667 0.007667
0 0.840000 0.580500 0.012000 0.013000
