0 0.420667 0.513000 0.020000 0.024000
0 0.322333 0.553667 0.014000 0.022000
0 0.277333 0.413500 0.016000 0.018333
0 0.260667 0.411333 0.011333 0.016000
0 0.296500 0.217167 0.016333 0.024333
0 0.356833 0.140333 0.026333 0.028000
0 0.659500 0.229667 0.015000 0.023333
0 0.759500 0.441333 0.023000 0.016667
0 0.783500 0.496000 0.021667 0.024667
0 0.789667 0.576167 0.016667 0.015000
0 0.775000 0.636667 0.016000 0.018667
0 0.737167 0.698833 0.019000 0.012333
0 0.485000 0.711500 0.020667 0.022333
0 0.540833 0.698667 0.027667 0.023333
0 0.613833 0.711833 0.018333 0.014333
0 0.655000 0.618667 0.019333 0.016667
0 0.504167 0.666833 0.018333 0.021000
0 0.488167 0.591167 0.019000 0.018333
0 0.383667 0.667000 0.016667 0.015333
0 0.264667 0.792167 0.013333 0.022333
0 0.656000 0.561833 0.036000 0.024333
0 0.610500 0.556000 0.023667 0.022000
0 0.607500 0.182167 0.032333 0.033667
0 0.683333 0.183167 0.030667 0.023667
0 0.249667 0.324000 0.014667 0.016000
0 0.293333 0.347000 0.024000 0.023333
0 0.359167 0.374000 0.027000 0.028667
0 0.334667 0.297167 0.024000 0.021000
0 0.462333 0.031667 0.035333 0.036667
0 0.316500 0.155000 0.017667 0.027333
0 0.028500 0.335000 0.023667 0.019333
0 0.757000 0.205667 0.014000 0.022000
0 0.725667 0.457667 0.022667 0.016667
