0 0.478167 0.660667 0.013000 0.014667
0 0.423000 0.573000 0.014667 0.012667
0 0.624500 0.491167 0.019000 0.014333
0 0.650167 0.451167 0.018333 0.013000
0 0.736833 0.491333 0.013000 0.015333
0 0.643333 0.412167 0.021333 0.014333
0 0.577333 0.376667 0.020000 0.018000
0 0.683833 0.791333 0.016333 0.018667
0 0.328333 0.624667 0.018667 0.016667
0 0.322833 0.524167 0.011667 0.015000
0 0.338667 0.357833 0.015333 0.015667
0 0.451000 0.309333 0.019333 0.020667
0 0.574833 0.203333 0.015000 0.018667
0 0.756000 0.097500 0.020667 0.015000
0 0.621500 0.036000 0.013000 0.020667
0 0.212500 0.058333 0.025667 0.024000
0 0.243833 0.026000 0.022333 0.017333
0 0.301000 0.088833 0.025333 0.015000
0 0.345333 0.061000 0.014667 0.015333
0 0.695333 0.567667 0.008667 0.006667
0 0.552167 0.693167 0.007667 0.007667
