0 0.618833 0.457667 0.005667 0.007333
0 0.577333 0.454500 0.007333 0.006333
0 0.674667 0.515000 0.006000 0.006667
0 0.657333 0.446333 0.007333 0.007333
0 0.669833 0.394833 0.005667 0.008333
0 0.649000 0.311500 0.006667 0.008333
0 0.912667 0.407333 0.007333 0.007333
0 0.876833 0.390833 0.007000 0.006333
0 0.881500 0.425167 0.006333 0.007000
0 0.570333 0.343500 0.006667 0.008333
0 0.566000 0.369000 0.008000 0.008667
0 0.484833 0.460167 0.007000 0.007000
0 0.465333 0.446833 0.005333 0.007000
0 0.497833 0.404167 0.007000 0.008333
0 0.491500 0.378667 0.008333 0.008667
0 0.541500 0.355833 0.007000 0.007667
0 0.552500 0.360833 0.006333 0.006333
0 0.535667 0.319833 0.007333 0.007000
0 0.613667 0.249333 0.009333 0.006000
0 0.683167 0.176833 0.007000 0.006333
0 0.530333 0.123000 0.006667 0.004667
0 0.416000 0.186500 0.006667 0.005000
0 0.422667 0.215000 0.006667 0.006667
0 0.093333 0.144667 0.006000 0.006000
0 0.176833 0.137833 0.005000 0.006333
0 0.247667 0.168167 0.006667 0.007000
0 0.300000 0.224000 0.006000 0.006667
0 0.138000 0.276667 0.006000 0.005333
0 0.327333 0.175667 0.006667 0.007333
0 0.277833 0.190333 0.006333 0.004667
0 0.249833 0.217667 0.007000 0.005333
0 0.382000 0.062000 0.006000 0.006000
0 0.473500 0.123833 0.008333 0.005000
0 0.472667 0.088000 0.006000 0.007333
0 0.488833 0.128333 0.006333 0.006000
0 0.119500 0.140500 0.005667 0.007667
0 0.170667 0.038167 0.008667 0.005667
0 0.204167 0.102000 0.007000 0.007333
0 0.224333 0.089500 0.004000 0.005667
0 0.238500 0.093000 0.005667 0.006000
0 0.099833 0.275500 0.007000 0.005667
0 0.095833 0.267167 0.005667 0.005000
0 0.101167 0.315167 0.007000 0.006333
0 0.082000 0.313500 0.006000 0.006333
0 0.165667 0.291333 0.005333 0.005333
0 0.378833 0.330333 0.005667 0.008000
0 0.319167 0.434500 0.005000 0.005000
0 0.374667 0.374667 0.006000 0.007333
0 0.391500 0.386333 0.005667 0.006000
0 0.166667 0.330333 0.005333 0.005333
0 0.192667 0.435833 0.006667 0.005667
0 0.190333 0.490667 0.005333 0.006667
0 0.122333 0.513000 0.006667 0.007333
0 0.077500 0.552500 0.005000 0.005000
0 0.343000 0.567833 0.005333 0.005000
0 0.240500 0.617333 0.005000 0.005333
0 0.334000 0.652833 0.004667 0.005667
0 0.357833 0.658667 0.005000 0.006000
0 0.110833 0.733667 0.005667 0.009333
0 0.051833 0.666333 0.007667 0.007333
0 0.010000 0.731667 0.008000 0.008667
0 0.133000 0.808167 0.006667 0.007667
0 0.223333 0.807833 0.005333 0.009667
0 0.234667 0.801167 0.006000 0.005667
0 0.133167 0.885167 0.007000 0.006333
0 0.108167 0.900000 0.005667 0.006667
0 0.024167 0.896000 0.007000 0.007333
0 0.017500 0.870000 0.006333 0.007333
0 0.006667 0.905833 0.006667 0.005667
0 0.102000 0.915333 0.010000 0.007333
0 0.134167 0.858000 0.005667 0.008000
0 0.127833 0.827667 0.007000 0.008667
0 0.057333 0.827667 0.006000 0.007333
0 0.193500 0.969000 0.005667 0.009333
0 0.007333 0.966000 0.007333 0.006000
0 0.088167 0.949833 0.007667 0.007000
0 0.178333 0.972167 0.004667 0.006333
0 0.205000 0.837500 0.005333 0.005667
0 0.456667 0.977500 0.004000 0.007000
0 0.534833 0.968333 0.007667 0.007333
0 0.486833 0.957333 0.005667 0.005333
0 0.502000 0.897667 0.006667 0.006000
0 0.483167 0.966667 0.003667 0.005333
0 0.490667 0.841833 0.007333 0.008333
0 0.466500 0.809833 0.008333 0.007667
0 0.399500 0.788167 0.005000 0.005000
0 0.485333 0.774667 0.004000 0.008667
0 0.502667 0.788667 0.009333 0.010667
0 0.482833 0.743667 0.005667 0.006667
0 0.595833 0.817500 0.007000 0.008333
0 0.542167 0.762333 0.005667 0.008000
0 0.521500 0.773333 0.004333 0.006000
0 0.632667 0.868667 0.007333 0.006667
0 0.732833 0.833667 0.007000 0.006667
0 0.782167 0.818833 0.006333 0.007667
0 0.762000 0.809833 0.006000 0.006333
0 0.779833 0.751333 0.005667 0.007333
0 0.725500 0.866500 0.004333 0.007667
0 0.757833 0.871667 0.007667 0.008000
0 0.731500 0.845667 0.005667 0.007333
0 0.736333 0.874333 0.006000 0.006667
0 0.697333 0.819500 0.006000 0.005667
0 0.790333 0.805333 0.005333 0.006000
0 0.748833 0.882667 0.006333 0.006667
0 0.937167 0.752833 0.007000 0.010333
0 0.972333 0.725833 0.007333 0.008333
0 0.979000 0.710333 0.007333 0.006667
0 0.918667 0.722667 0.007333 0.007333
0 0.978333 0.666167 0.008667 0.009000
0 0.993833 0.664167 0.007667 0.009000
0 0.740167 0.600167 0.005667 0.008333
0 0.775500 0.570333 0.007667 0.008000
0 0.833833 0.579333 0.006333 0.007333
0 0.991000 0.466833 0.007333 0.007000
0 0.994500 0.489000 0.005667 0.008000
0 0.960333 0.500167 0.006000 0.007000
0 0.986667 0.615500 0.003333 0.007000
0 0.990000 0.621167 0.004667 0.008333
0 0.955167 0.502167 0.007667 0.006333
0 0.897667 0.467833 0.006000 0.005667
0 0.893667 0.521333 0.007333 0.006667
0 0.826500 0.501833 0.005667 0.007000
0 0.834167 0.513333 0.004333 0.006667
0 0.850833 0.534667 0.006333 0.006667
0 0.859000 0.560000 0.006667 0.008667
0 0.595500 0.518000 0.007667 0.007333
0 0.548833 0.583833 0.005667 0.005667
0 0.683500 0.546000 0.006333 0.008000
0 0.690000 0.522333 0.005333 0.006000
0 0.522000 0.542667 0.008000 0.008667
0 0.614333 0.547667 0.006667 0.006667
0 0.424667 0.475500 0.005333 0.005667
0 0.447000 0.465667 0.006000 0.004667
0 0.463167 0.482167 0.005000 0.005667
0 0.440833 0.536500 0.006333 0.005000
0 0.623000 0.533500 0.006000 0.007667
0 0.667167 0.576167 0.007000 0.006333
0 0.416667 0.607333 0.004667 0.007333
0 0.377333 0.709500 0.005333 0.007000
0 0.506000 0.616500 0.006000 0.006333
0 0.383667 0.629167 0.004000 0.007000
0 0.589833 0.990167 0.007667 0.004333
0 0.039500 0.947500 0.006333 0.006333
0 0.539833 0.276833 0.006333 0.005667
0 0.404000 0.308667 0.006000 0.005333
0 0.737000 0.179333 0.004667 0.008000
0 0.744000 0.178833 0.004000 0.007667
0 0.742667 0.202333 0.006667 0.008667
0 0.795000 0.236167 0.005333 0.007000
0 0.786833 0.264333 0.006333 0.007333
0 0.805167 0.319000 0.006333 0.006667
0 0.724333 0.377667 0.007333 0.006667
0 0.894667 0.203000 0.008000 0.007333
0 0.942500 0.158500 0.007000 0.007000
0 0.961500 0.154333 0.007000 0.007333
0 0.979833 0.142167 0.006333 0.007000
0 0.954000 0.222000 0.004667 0.007333
0 0.985333 0.235667 0.004000 0.006667
0 0.990667 0.254167 0.004667 0.007667
0 0.981833 0.182167 0.004333 0.006333
0 0.933167 0.151500 0.009000 0.009667
0 0.942167 0.089000 0.005667 0.006667
0 0.743000 0.049833 0.006667 0.006333
0 0.620333 0.015000 0.007333 0.006000
0 0.870000 0.021833 0.008667 0.009000
0 0.976000 0.003167 0.005333 0.005667
0 0.953167 0.142667 0.007667 0.006667
0 0.987667 0.150500 0.007333 0.009000
0 0.975000 0.169000 0.006000 0.007333
0 0.906500 0.329333 0.004333 0.005333
0 0.898000 0.379167 0.006667 0.006333
0 0.942167 0.449000 0.006333 0.006000
0 0.914000 0.390500 0.006000 0.005667
0 0.808167 0.631333 0.006333 0.006667
0 0.791167 0.083167 0.009000 0.009667
0 0.846333 0.022833 0.007333 0.008333
0 0.202000 0.013667 0.007333 0.011333
0 0.439667 0.202500 0.008000 0.011000
0 0.795000 0.278500 0.006667 0.007000
0 0.780667 0.325167 0.008000 0.011000
0 0.597167 0.541667 0.009000 0.008667
0 0.695167 0.760833 0.004333 0.007667
