0 0.336833 0.471833 0.009667 0.008333
0 0.346833 0.430333 0.009667 0.008667
0 0.365333 0.616500 0.010000 0.011000
0 0.279333 0.836500 0.008000 0.011000
0 0.101167 0.631167 0.009000 0.009667
0 0.708167 0.757333 0.005667 0.011333
0 0.716667 0.912833 0.006667 0.011667
0 0.957667 0.560500 0.010667 0.008333
0 0.963333 0.441833 0.008667 0.009667
0 0.964500 0.466833 0.007000 0.009000
0 0.944667 0.471167 0.009333 0.008333
0 0.942500 0.420667 0.007667 0.009333
0 0.953167 0.418667 0.006333 0.009333
0 0.900500 0.350500 0.009000 0.012333
0 0.797500 0.326333 0.007667 0.011333
0 0.824167 0.350833 0.008333 0.011667
0 0.832500 0.391833 0.007667 0.009000
0 0.801333 0.437833 0.006667 0.008333
0 0.686500 0.383500 0.009667 0.013000
0 0.747500 0.313833 0.008333 0.008333
0 0.761333 0.298000 0.008667 0.010000
0 0.782833 0.292000 0.009000 0.008000
0 0.803167 0.289667 0.009000 0.009333
0 0.907667 0.265833 0.008000 0.009000
0 0.966000 0.289000 0.009333 0.009333
0 0.813500 0.219333 0.009667 0.010000
0 0.783667 0.222833 0.008667 0.011000
0 0.808167 0.194500 0.009000 0.009000
0 0.622667 0.168333 0.007333 0.007333
0 0.618333 0.217667 0.008667 0.008667
0 0.358500 0.289167 0.007667 0.008333
0 0.337000 0.286667 0.006000 0.008000
0 0.427500 0.170667 0.011000 0.007333
0 0.492333 0.020500 0.006667 0.007000
0 0.371167 0.078500 0.006333 0.010333
0 0.867167 0.094167 0.008333 0.009000
0 0.148500 0.238333 0.008333 0.007333
0 0.096000 0.198833 0.007333 0.009000
0 0.030167 0.097667 0.012333 0.010667
0 0.134833 0.404667 0.007000 0.008667
0 0.217500 0.457000 0.008333 0.010667
0 0.209333 0.403667 0.008667 0.011333
0 0.101500 0.600333 0.005667 0.008000
0 0.089333 0.642833 0.008000 0.007667
0 0.326500 0.783333 0.007000 0.010667
0 0.042000 0.899833 0.006000 0.007000
0 0.473167 0.871333 0.007000 0.010667
0 0.542000 0.707833 0.005333 0.011000
0 0.276667 0.677833 0.010667 0.008333
0 0.344833 0.495833 0.007667 0.009000
0 0.472333 0.436167 0.007333 0.008333
0 0.390333 0.292500 0.008000 0.008333
0 0.953833 0.987667 0.009000 0.011333
0 0.816333 0.922500 0.006000 0.008333
0 0.822500 0.956500 0.006333 0.010333
0 0.828667 0.905667 0.006000 0.009333
0 0.690000 0.907333 0.009333 0.007333
0 0.538167 0.613500 0.010333 0.011000
0 0.673000 0.552167 0.012000 0.007667
0 0.763667 0.578667 0.008667 0.008000
0 0.783667 0.334000 0.008000 0.009333
0 0.772000 0.334000 0.007333 0.009333
0 0.430000 0.272833 0.006000 0.007667
0 0.448667 0.212500 0.007333 0.008333
0 0.483667 0.147500 0.010000 0.009667
0 0.179000 0.498833 0.010000 0.008333
