0 0.537333 0.488333 0.010667 0.014000
0 0.585833 0.435500 0.013000 0.013667
0 0.555667 0.329667 0.012000 0.014000
0 0.449333 0.266333 0.012000 0.009333
0 0.441000 0.662667 0.010667 0.010000
0 0.423167 0.306333 0.013667 0.010000
0 0.403000 0.387000 0.008000 0.010667
0 0.528667 0.260333 0.011333 0.008667
0 0.652000 0.296000 0.008000 0.008667
0 0.605000 0.762000 0.008000 0.011333
0 0.671667 0.652833 0.005333 0.009667
0 0.673500 0.608167 0.009667 0.009000
0 0.486833 0.881833 0.011000 0.010333
0 0.629833 0.703000 0.009667 0.010000
0 0.225667 0.542000 0.012667 0.008000
0 0.254667 0.259500 0.008000 0.009000
0 0.655833 0.020833 0.007667 0.013667
0 0.409833 0.133667 0.010333 0.009333
0 0.388500 0.546500 0.013000 0.011000
0 0.788000 0.504667 0.014667 0.013333
0 0.380333 0.115000 0.012000 0.007333
0 0.190667 0.111333 0.006667 0.007333
0 0.475000 0.034667 0.009333 0.009333
0 0.394833 0.304333 0.011000 0.011333
0 0.307167 0.276167 0.007000 0.010333
0 0.023833 0.341833 0.011667 0.008333
0 0.044000 0.466333 0.008000 0.009333
0 0.125000 0.730167 0.011333 0.010333
0 0.219000 0.950167 0.008667 0.010333
0 0.051167 0.874833 0.012333 0.013667
0 0.468333 0.521333 0.010667 0.010667
0 0.245000 0.579667 0.014000 0.010000
0 0.326333 0.505000 0.008000 0.010667
0 0.315833 0.982667 0.009667 0.014667
0 0.083167 0.975833 0.013667 0.012333
0 0.196000 0.294833 0.008667 0.011000
0 0.227333 0.308500 0.006000 0.011000
0 0.079333 0.550000 0.010000 0.008667
0 0.055000 0.175833 0.011333 0.009667
0 0.010667 0.175333 0.011333 0.012667
0 0.195833 0.150667 0.009667 0.008000
0 0.923000 0.720000 0.007333 0.009333
0 0.732500 0.609167 0.011000 0.011000
0 0.850333 0.434333 0.009333 0.013333
0 0.520667 0.841167 0.009333 0.009000
0 0.345000 0.807000 0.007333 0.007333
0 0.060333 0.994000 0.010667 0.011333
0 0.527167 0.320500 0.012333 0.014333
