0 0.590667 0.534333 0.019333 0.019333
0 0.556667 0.595667 0.019333 0.016000
0 0.633167 0.665500 0.019000 0.015667
0 0.777667 0.716667 0.018667 0.014667
0 0.586833 0.729833 0.015000 0.011667
0 0.554333 0.778667 0.014667 0.013333
0 0.473833 0.740000 0.015000 0.016000
0 0.562500 0.826833 0.013000 0.015667
0 0.719333 0.750667 0.012000 0.018667
0 0.717333 0.772167 0.008667 0.012333
0 0.717167 0.796167 0.007667 0.013667
0 0.802667 0.703167 0.013333 0.015000
0 0.744000 0.697167 0.012667 0.015667
0 0.479667 0.864000 0.012000 0.014000
0 0.509500 0.857500 0.010333 0.013667
0 0.452333 0.887667 0.014667 0.013333
0 0.475500 0.902500 0.014333 0.013667
0 0.520167 0.916667 0.011667 0.011333
0 0.699833 0.679833 0.015667 0.014333
0 0.657833 0.740500 0.009667 0.015000
0 0.431500 0.666000 0.015000 0.013333
0 0.395000 0.805667 0.016000 0.014667
0 0.373000 0.781333 0.014000 0.016000
0 0.364667 0.713500 0.019333 0.012333
0 0.379500 0.637833 0.013667 0.017000
0 0.252667 0.652167 0.016667 0.017667
0 0.231500 0.714333 0.011667 0.018667
0 0.128333 0.754333 0.017333 0.020667
0 0.132667 0.806000 0.009333 0.015333
0 0.503000 0.395833 0.022667 0.025000
0 0.220500 0.058667 0.019000 0.020000
0 0.618833 0.124167 0.013667 0.020333
0 0.674500 0.229667 0.016333 0.015333
0 0.488833 0.223167 0.027667 0.025000
0 0.754833 0.487000 0.015000 0.016667
0 0.612500 0.558667 0.018333 0.020000
0 0.664167 0.828000 0.016333 0.018667
0 0.700500 0.843500 0.010333 0.012333
0 0.534333 0.921000 0.011333 0.017333
0 0.429500 0.891333 0.013667 0.018667
0 0.155500 0.702667 0.015667 0.022000
0 0.111000 0.703667 0.017333 0.016667
0 0.174000 0.728833 0.012667 0.021000
0 0.359333 0.424667 0.023333 0.020667
0 0.570667 0.497000 0.024667 0.022667
0 0.447833 0.539833 0.025000 0.025667
0 0.671833 0.489833 0.026333 0.020333
0 0.692500 0.534000 0.018333 0.022000
0 0.746167 0.421167 0.013000 0.014333
0 0.382500 0.300667 0.041667 0.028000
0 0.476833 0.354333 0.025667 0.026667
0 0.653000 0.226333 0.013333 0.020667
0 0.656500 0.099667 0.015000 0.020000
0 0.152333 0.599833 0.024000 0.025000
0 0.698000 0.349167 0.014000 0.021667
0 0.360833 0.826167 0.021667 0.020333
0 0.487833 0.147500 0.026333 0.030333
0 0.157000 0.676167 0.014000 0.016333
0 0.694167 0.316000 0.008333 0.016000
