0 0.445167 0.747667 0.009667 0.008000
0 0.393667 0.721833 0.010667 0.010333
0 0.461167 0.705500 0.009667 0.009667
0 0.463333 0.670500 0.014000 0.009667
0 0.504000 0.642667 0.011333 0.008000
0 0.462667 0.578167 0.015333 0.010333
0 0.376667 0.551167 0.010000 0.006333
0 0.550000 0.510000 0.010000 0.011333
0 0.470500 0.462667 0.009667 0.009333
0 0.553000 0.456333 0.009333 0.008667
0 0.225333 0.635500 0.012000 0.008333
0 0.182833 0.605667 0.011000 0.010000
0 0.181500 0.584500 0.012333 0.009667
0 0.303500 0.580833 0.010333 0.010333
0 0.317167 0.519333 0.011000 0.012667
0 0.551000 0.294500 0.017333 0.012333
0 0.244667 0.314667 0.009333 0.008667
0 0.287833 0.330000 0.010333 0.010000
0 0.302167 0.316500 0.010333 0.007000
0 0.212833 0.286833 0.009000 0.006333
0 0.240000 0.266667 0.013333 0.010000
0 0.210667 0.304000 0.008000 0.008667
0 0.378500 0.328833 0.006333 0.008333
0 0.406500 0.358833 0.009667 0.007667
0 0.445667 0.311833 0.008000 0.007000
0 0.201667 0.789500 0.009333 0.007667
0 0.374500 0.868167 0.008333 0.007667
0 0.121000 0.906000 0.007333 0.007333
0 0.150167 0.907833 0.008333 0.007000
0 0.156167 0.928833 0.009000 0.005667
0 0.282000 0.820667 0.008667 0.009333
0 0.739333 0.158833 0.010667 0.015000
0 0.842500 0.129000 0.006333 0.009333
0 0.932500 0.131667 0.008333 0.006667
0 0.954833 0.123167 0.008333 0.008333
0 0.986000 0.145000 0.006000 0.008667
0 0.932500 0.183167 0.007000 0.007667
0 0.925333 0.144667 0.009333 0.007333
0 0.260833 0.421500 0.012333 0.009667
0 0.152500 0.405000 0.007667 0.008667
0 0.241167 0.184500 0.010333 0.010333
0 0.842667 0.014833 0.006667 0.011000
0 0.533000 0.209833 0.008000 0.012333
0 0.482667 0.155000 0.012000 0.009333
0 0.097167 0.138333 0.007667 0.007333
0 0.053000 0.073333 0.006000 0.006000
0 0.150000 0.124167 0.009333 0.009000
0 0.145000 0.136500 0.008667 0.009667
0 0.014833 0.255333 0.006333 0.007333
0 0.440667 0.439167 0.008667 0.010333
0 0.126667 0.954000 0.006000 0.006667
0 0.252000 0.982000 0.006000 0.006667
0 0.242167 0.982833 0.005667 0.007000
0 0.205667 0.925833 0.007333 0.007000
0 0.268333 0.695333 0.006667 0.008667
0 0.147833 0.585333 0.004333 0.008000
0 0.222667 0.951833 0.007333 0.006333
0 0.861000 0.883333 0.007333 0.008000
0 0.808167 0.448833 0.005667 0.006333
0 0.681167 0.317500 0.007667 0.008333
0 0.664167 0.316333 0.007000 0.007333
0 0.791833 0.343667 0.007667 0.008667
0 0.181667 0.146167 0.004667 0.007000
0 0.069000 0.115000 0.007333 0.006667
0 0.690667 0.938833 0.006667 0.006333
0 0.814333 0.176333 0.006667 0.007333
0 0.449667 0.012000 0.007333 0.006667
0 0.057500 0.112333 0.007000 0.006667
0 0.111333 0.101667 0.008000 0.009333
0 0.221000 0.128000 0.004667 0.007333
0 0.195833 0.112167 0.009000 0.011667
0 0.123333 0.143833 0.006000 0.007000
0 0.072333 0.097667 0.006000 0.008000
0 0.092500 0.094833 0.006333 0.007000
0 0.085833 0.110000 0.007000 0.009333
0 0.083000 0.139167 0.006000 0.005667
0 0.163167 0.169833 0.005667 0.005667
0 0.032333 0.259000 0.008000 0.007333
0 0.124000 0.241667 0.007333 0.006000
0 0.003000 0.015833 0.005333 0.007000
0 0.016167 0.023167 0.006333 0.007667
0 0.019500 0.014000 0.009000 0.008667
0 0.070500 0.083167 0.008333 0.010333
0 0.059000 0.089000 0.006667 0.010667
0 0.134167 0.128167 0.007667 0.006333
0 0.097833 0.120000 0.007667 0.006667
0 0.067333 0.123333 0.006000 0.006667
0 0.063667 0.137500 0.006000 0.007000
0 0.223333 0.119000 0.005333 0.007333
0 0.257000 0.091333 0.004667 0.008000
0 0.676167 0.232667 0.007667 0.007333
0 0.819833 0.327833 0.005667 0.009000
0 0.878000 0.347333 0.004667 0.009333
0 0.795000 0.379667 0.006667 0.007333
0 0.744167 0.297500 0.007667 0.006333
0 0.960167 0.551333 0.005667 0.008000
0 0.978667 0.651333 0.006667 0.006667
0 0.963667 0.801000 0.006667 0.008000
0 0.666167 0.845667 0.006333 0.007333
0 0.306167 0.942167 0.005667 0.007000
0 0.370833 0.980667 0.005667 0.005333
0 0.374167 0.995167 0.007000 0.006333
0 0.129000 0.792500 0.006667 0.006333
0 0.051333 0.364000 0.004667 0.007333
0 0.029333 0.375000 0.006000 0.006000
0 0.546333 0.444833 0.009333 0.009667
0 0.521333 0.572000 0.007333 0.009333
