0 0.400000 0.406167 0.007333 0.008333
0 0.393000 0.417333 0.006667 0.007333
0 0.462833 0.461833 0.006333 0.008333
0 0.429500 0.497833 0.006333 0.009000
0 0.433500 0.528833 0.008333 0.007000
0 0.464333 0.534000 0.006000 0.008667
0 0.558500 0.559500 0.008333 0.008333
0 0.633667 0.448667 0.010667 0.008000
0 0.633833 0.486333 0.011000 0.008667
0 0.726500 0.561333 0.009000 0.007333
0 0.666167 0.358333 0.006333 0.006667
0 0.719667 0.310500 0.008000 0.008333
0 0.746333 0.115833 0.006000 0.007000
0 0.756333 0.127500 0.005333 0.008333
0 0.680000 0.111667 0.006000 0.006667
0 0.761833 0.102667 0.006333 0.006667
0 0.819833 0.194500 0.005667 0.007667
0 0.793167 0.107500 0.007000 0.007667
0 0.790667 0.083000 0.007333 0.009333
0 0.557667 0.139333 0.008667 0.008000
0 0.590167 0.142833 0.007000 0.010333
0 0.558000 0.157000 0.009333 0.006000
0 0.697500 0.038833 0.008333 0.008333
0 0.820833 0.078667 0.005000 0.007333
0 0.829000 0.075833 0.006667 0.008333
0 0.813833 0.100000 0.004333 0.007333
0 0.826833 0.093833 0.007667 0.007667
0 0.833000 0.172500 0.008000 0.011000
0 0.353667 0.210000 0.006667 0.007333
0 0.145000 0.072833 0.009333 0.007000
0 0.246167 0.438833 0.006333 0.009000
0 0.154833 0.601000 0.005667 0.007333
0 0.176000 0.685000 0.010667 0.005333
0 0.281500 0.686667 0.007000 0.009333
0 0.254667 0.720167 0.008667 0.009667
0 0.214500 0.768500 0.006333 0.009000
0 0.706000 0.805667 0.006000 0.010000
0 0.593667 0.678000 0.008667 0.009333
0 0.571000 0.640333 0.005333 0.008667
0 0.751500 0.678333 0.007667 0.010000
0 0.710667 0.669833 0.005333 0.009667
0 0.693500 0.570333 0.006333 0.008667
0 0.768833 0.450667 0.007667 0.008000
0 0.841833 0.048333 0.007667 0.006667
0 0.922000 0.133500 0.008667 0.011667
0 0.837333 0.142833 0.006000 0.005667
0 0.844000 0.155167 0.005333 0.009000
0 0.984167 0.049000 0.007000 0.010667
0 0.218167 0.849833 0.013000 0.016333
0 0.942833 0.271833 0.009667 0.010333
0 0.754667 0.031000 0.012667 0.009333
0 0.599667 0.651333 0.006667 0.010000
0 0.629333 0.876667 0.006000 0.006667
0 0.663833 0.825833 0.004333 0.007000
0 0.547667 0.695833 0.005333 0.007000
0 0.591333 0.512833 0.004667 0.009000
0 0.690167 0.513000 0.005000 0.006000
