0 0.403667 0.282167 0.010000 0.010333
0 0.543667 0.307500 0.012000 0.011000
0 0.552667 0.386500 0.011333 0.011667
0 0.416667 0.458000 0.011333 0.010667
0 0.503000 0.544000 0.012000 0.014667
0 0.415167 0.556167 0.015667 0.014333
0 0.597667 0.630333 0.008667 0.009333
0 0.664667 0.548500 0.012667 0.011667
0 0.381167 0.904833 0.017000 0.015667
0 0.339667 0.752167 0.014000 0.013667
0 0.276167 0.805667 0.007000 0.011333
0 0.286500 0.807000 0.009667 0.012667
0 0.293667 0.753333 0.006000 0.005333
0 0.248667 0.785000 0.004667 0.010000
0 0.444500 0.936000 0.005667 0.005333
0 0.485000 0.921833 0.004667 0.005667
0 0.443333 0.894333 0.005333 0.006667
0 0.448500 0.129833 0.013000 0.011667
0 0.192167 0.097500 0.005667 0.004333
0 0.241000 0.406500 0.003333 0.005667
0 0.245333 0.404667 0.008000 0.005333
0 0.339500 0.409833 0.005000 0.005667
0 0.594500 0.483333 0.004333 0.005333
0 0.697667 0.384833 0.008000 0.011667
0 0.425333 0.321333 0.004000 0.003333
0 0.393333 0.352000 0.004000 0.003333
0 0.344500 0.355667 0.005000 0.003333
0 0.356000 0.340333 0.004667 0.004667
0 0.324667 0.332167 0.004000 0.005000
0 0.361500 0.397333 0.004333 0.004667
0 0.269167 0.397333 0.004333 0.004000
0 0.250333 0.468167 0.006000 0.004333
0 0.338833 0.496000 0.005000 0.004667
0 0.506000 0.738000 0.006000 0.005333
0 0.465167 0.907000 0.005667 0.005333
0 0.592000 0.446000 0.003333 0.004000
0 0.584333 0.408500 0.004000 0.004333
0 0.598167 0.340000 0.003000 0.004000
0 0.468000 0.324667 0.004000 0.005333
0 0.574833 0.298167 0.003667 0.005000
0 0.614833 0.362333 0.003667 0.004000
0 0.645500 0.309000 0.003000 0.003333
