0 0.450833 0.466167 0.011667 0.012333
0 0.425167 0.502833 0.012333 0.013000
0 0.416167 0.560167 0.011000 0.010333
0 0.313833 0.385667 0.011000 0.010667
0 0.411667 0.399667 0.009333 0.013333
0 0.255500 0.303167 0.013000 0.014333
0 0.247333 0.362833 0.009333 0.013667
0 0.246333 0.381000 0.012000 0.013333
0 0.283333 0.420833 0.012000 0.011000
0 0.268833 0.416333 0.010333 0.009333
0 0.268833 0.451000 0.008333 0.010667
0 0.319833 0.497667 0.010333 0.014000
0 0.297000 0.521667 0.010667 0.012000
0 0.629167 0.406000 0.008333 0.011333
0 0.562333 0.472667 0.008000 0.009333
0 0.311667 0.554667 0.009333 0.010667
0 0.313500 0.572667 0.011667 0.012000
0 0.243333 0.550833 0.010667 0.009667
0 0.273667 0.492833 0.009333 0.014333
0 0.211333 0.380667 0.011333 0.010667
0 0.245833 0.434333 0.011667 0.010667
0 0.251000 0.481167 0.011333 0.012333
0 0.237167 0.504000 0.006333 0.010667
0 0.225667 0.506833 0.008667 0.011000
0 0.319667 0.593500 0.010000 0.009000
0 0.334667 0.641000 0.012667 0.012000
0 0.373833 0.635333 0.009667 0.010000
0 0.385500 0.721000 0.010333 0.009333
0 0.188167 0.144833 0.011000 0.013000
0 0.183833 0.119000 0.007000 0.011333
0 0.173333 0.112000 0.010000 0.010667
0 0.189333 0.069500 0.008000 0.009667
0 0.185833 0.057000 0.009667 0.012000
0 0.576333 0.551167 0.012000 0.009000
0 0.398833 0.791500 0.008333 0.010333
0 0.373333 0.789167 0.010667 0.009000
0 0.373500 0.753333 0.010333 0.012000
0 0.255000 0.947000 0.006667 0.008000
0 0.128167 0.918833 0.008333 0.011000
0 0.071833 0.896000 0.007000 0.008000
0 0.149167 0.878833 0.006333 0.009667
0 0.018833 0.829667 0.006333 0.008667
0 0.030667 0.863167 0.006667 0.007000
0 0.011167 0.846500 0.007000 0.007000
0 0.154667 0.832167 0.007333 0.007667
0 0.148500 0.898000 0.005667 0.006667
0 0.344167 0.866000 0.007000 0.008000
0 0.396667 0.835500 0.010000 0.009667
0 0.218000 0.706333 0.008000 0.008000
0 0.087000 0.680667 0.005333 0.006000
0 0.122000 0.726167 0.008667 0.007000
0 0.031500 0.781000 0.008333 0.007333
0 0.011667 0.669333 0.006000 0.008000
0 0.081667 0.666333 0.005333 0.006000
0 0.419333 0.885833 0.005333 0.007667
0 0.479667 0.856167 0.004000 0.008333
0 0.412167 0.822833 0.007000 0.006333
0 0.387000 0.792000 0.007333 0.008667
0 0.421667 0.750000 0.004667 0.008667
0 0.285167 0.661000 0.005667 0.009333
0 0.327000 0.748667 0.006000 0.007333
0 0.432500 0.725500 0.007667 0.010333
0 0.441833 0.735833 0.006333 0.010333
0 0.507167 0.637333 0.006333 0.010000
0 0.490333 0.696500 0.009333 0.007000
0 0.492500 0.685333 0.006333 0.006667
0 0.385500 0.748333 0.006333 0.007333
0 0.433667 0.765000 0.006000 0.006667
0 0.571500 0.783500 0.007000 0.007000
0 0.502833 0.778000 0.005000 0.008000
0 0.582333 0.755500 0.005333 0.008333
0 0.604167 0.954667 0.007667 0.008000
0 0.951833 0.951667 0.007000 0.007333
0 0.933833 0.821500 0.007667 0.007667
0 0.905000 0.794333 0.010667 0.008667
0 0.818667 0.749667 0.006000 0.007333
0 0.711000 0.773333 0.008667 0.007333
0 0.714000 0.600833 0.005333 0.007000
0 0.630667 0.564500 0.004667 0.007667
0 0.545000 0.612000 0.006000 0.005333
0 0.537500 0.623833 0.006333 0.005667
0 0.844167 0.674000 0.007667 0.009333
0 0.608667 0.864000 0.005333 0.006667
0 0.893000 0.579000 0.008667 0.006667
0 0.619000 0.570500 0.008000 0.010333
0 0.906833 0.400000 0.007000 0.007333
0 0.854833 0.400500 0.005667 0.006333
0 0.924833 0.101500 0.005000 0.005667
0 0.761833 0.075333 0.004333 0.006667
0 0.464333 0.078667 0.008000 0.010667
0 0.215167 0.265500 0.008333 0.007667
0 0.363833 0.025833 0.006333 0.007667
0 0.150000 0.083167 0.005333 0.007000
0 0.078833 0.079833 0.005000 0.007000
0 0.120000 0.102500 0.006000 0.007667
0 0.039833 0.210833 0.005667 0.007667
0 0.137167 0.085000 0.006333 0.006667
0 0.005167 0.422500 0.005000 0.009667
0 0.157333 0.403667 0.006667 0.007333
0 0.267667 0.480333 0.008000 0.009333
0 0.108500 0.446333 0.005000 0.007333
0 0.482000 0.658500 0.006667 0.009000
0 0.495167 0.501667 0.007667 0.008000
0 0.516667 0.461500 0.008667 0.007667
0 0.612500 0.448000 0.007667 0.006667
0 0.469333 0.691667 0.010000 0.012000
0 0.254667 0.731333 0.010000 0.011333
0 0.463667 0.021333 0.018000 0.016667
0 0.074833 0.063167 0.009000 0.011667
0 0.185833 0.208667 0.009667 0.010000
0 0.242833 0.204333 0.008333 0.012000
0 0.254333 0.561167 0.007333 0.007667
0 0.514167 0.538167 0.013000 0.014333
0 0.860167 0.480167 0.005000 0.005667
0 0.800500 0.154500 0.005000 0.007667
0 0.561333 0.437500 0.006667 0.007000
0 0.588833 0.498333 0.005667 0.008000
0 0.248333 0.449833 0.008000 0.008333
0 0.234833 0.441333 0.007667 0.007333
0 0.220500 0.395500 0.009000 0.014333
0 0.285167 0.389667 0.009667 0.008667
0 0.250833 0.317500 0.009667 0.011000
0 0.383167 0.299167 0.005667 0.011667
0 0.608000 0.004000 0.008000 0.007333
0 0.396500 0.726000 0.004333 0.007333
0 0.183833 0.784833 0.007000 0.007000
0 0.223667 0.791667 0.005333 0.006000
0 0.018333 0.773667 0.006667 0.006667
