0 0.175833 0.375000 0.007667 0.006667
0 0.083833 0.402333 0.008333 0.006000
0 0.162167 0.479000 0.010333 0.008667
0 0.191667 0.520333 0.009333 0.006667
0 0.217167 0.499333 0.009000 0.005333
0 0.172500 0.797333 0.005000 0.006000
0 0.351333 0.660000 0.008000 0.008000
0 0.312333 0.854333 0.006667 0.007333
0 0.324667 0.878167 0.003333 0.006333
0 0.363167 0.944000 0.007000 0.006667
0 0.211000 0.905500 0.007333 0.005667
0 0.012167 0.900667 0.005000 0.006667
0 0.024500 0.598667 0.009000 0.006667
0 0.028167 0.591333 0.005667 0.007333
0 0.027000 0.569667 0.010000 0.008000
0 0.146000 0.650833 0.004000 0.009000
0 0.107500 0.679500 0.005667 0.005667
0 0.184333 0.695167 0.004000 0.006333
0 0.377833 0.621000 0.009000 0.006667
0 0.456167 0.692667 0.007667 0.007333
0 0.375167 0.780000 0.005667 0.008667
0 0.310333 0.942333 0.008667 0.008667
0 0.462333 0.734833 0.007333 0.007000
0 0.483000 0.748667 0.007333 0.006667
0 0.767333 0.789500 0.004000 0.007000
0 0.751833 0.804000 0.007000 0.006000
0 0.708167 0.727500 0.006333 0.007667
0 0.652167 0.553833 0.006333 0.005667
0 0.731167 0.306667 0.007667 0.006000
0 0.681833 0.334500 0.009000 0.008333
0 0.961000 0.223000 0.008000 0.008000
0 0.887500 0.167000 0.007000 0.006667
0 0.937833 0.176500 0.007000 0.007000
0 0.336333 0.210833 0.008000 0.007667
0 0.053833 0.391667 0.007667 0.006000
0 0.044667 0.466833 0.007333 0.007000
0 0.409000 0.418167 0.006667 0.007000
0 0.444167 0.535500 0.009667 0.009667
0 0.285333 0.914333 0.006000 0.006000
0 0.501333 0.956167 0.004000 0.005667
0 0.115500 0.876000 0.005667 0.006667
0 0.104833 0.847167 0.006333 0.007000
0 0.557500 0.570500 0.006333 0.006333
0 0.651667 0.384333 0.007333 0.006000
0 0.700500 0.286333 0.010333 0.011333
0 0.611833 0.767833 0.005000 0.005000
0 0.857333 0.878833 0.008000 0.009000
0 0.939000 0.842500 0.010000 0.008333
0 0.915000 0.972833 0.008000 0.007000
0 0.809500 0.849667 0.009000 0.008667
0 0.968667 0.600667 0.011333 0.014667
0 0.879833 0.677000 0.011000 0.008000
0 0.778167 0.569167 0.007667 0.008333
0 0.809500 0.931333 0.008333 0.007333
0 0.965333 0.973000 0.007333 0.008667
0 0.950333 0.970000 0.006667 0.006667
0 0.952833 0.568500 0.015000 0.013000
0 0.763500 0.918833 0.015667 0.014333
0 0.779500 0.951333 0.011000 0.011333
0 0.742167 0.951667 0.013667 0.012000
