0 0.337167 0.538333 0.035000 0.032667
0 0.587667 0.358000 0.033333 0.029333
0 0.650500 0.366833 0.035667 0.034333
0 0.791167 0.719167 0.024333 0.024333
0 0.838000 0.498667 0.009333 0.013333
0 0.875333 0.874833 0.019333 0.017000
0 0.908500 0.804833 0.015000 0.015667
0 0.786500 0.921333 0.014333 0.017333
0 0.890167 0.682667 0.013667 0.014000
0 0.834333 0.594500 0.008000 0.013000
0 0.794167 0.523667 0.012333 0.014667
0 0.826833 0.063333 0.019000 0.015333
0 0.754833 0.007333 0.010333 0.014000
0 0.448500 0.349500 0.027667 0.019667
0 0.702000 0.223333 0.020667 0.023333
0 0.316833 0.376000 0.025000 0.021333
0 0.448833 0.537833 0.023000 0.018333
0 0.291167 0.636167 0.020333 0.032333
0 0.329833 0.753333 0.022333 0.025333
0 0.429500 0.969833 0.019667 0.021000
0 0.533167 0.914333 0.021000 0.014000
0 0.518500 0.654667 0.025000 0.028667
0 0.626167 0.483833 0.031667 0.028333
0 0.685833 0.501333 0.030333 0.026000
0 0.716333 0.484167 0.019333 0.025000
0 0.113333 0.176333 0.026000 0.022000
