0 0.723333 0.574000 0.015333 0.014000
0 0.769833 0.703500 0.011000 0.015000
0 0.679167 0.673500 0.013000 0.016333
0 0.644667 0.674000 0.016000 0.014000
0 0.732333 0.921667 0.013333 0.016000
0 0.739333 0.953833 0.011333 0.015000
0 0.484167 0.952667 0.012333 0.011333
0 0.391167 0.942000 0.012333 0.011333
0 0.360833 0.890500 0.013000 0.014333
0 0.334833 0.886167 0.013667 0.010333
0 0.312833 0.924333 0.017000 0.013333
0 0.278667 0.739333 0.014667 0.014000
0 0.240667 0.752500 0.012000 0.017000
0 0.234167 0.653000 0.017000 0.016000
0 0.488667 0.534333 0.016667 0.017333
0 0.348667 0.518833 0.014667 0.009667
0 0.374000 0.488000 0.012000 0.014667
0 0.502000 0.470500 0.014667 0.014333
0 0.323000 0.256833 0.012000 0.012333
0 0.230500 0.424833 0.017000 0.019667
0 0.668833 0.339833 0.015667 0.011667
0 0.627167 0.424500 0.011000 0.009000
0 0.664167 0.510833 0.011000 0.015000
0 0.618667 0.443333 0.016000 0.016667
0 0.163833 0.577167 0.013667 0.015667
0 0.665667 0.279000 0.021333 0.021333
0 0.580167 0.173833 0.021667 0.023000
