0 0.740167 0.456500 0.015000 0.013667
0 0.797667 0.548500 0.009333 0.010333
0 0.813000 0.423667 0.008667 0.009333
0 0.399167 0.558167 0.012333 0.010333
0 0.363333 0.614667 0.015333 0.015333
0 0.281167 0.668333 0.010333 0.015333
0 0.405667 0.840167 0.011333 0.015000
0 0.492333 0.747500 0.012000 0.014333
0 0.609833 0.763833 0.012333 0.014333
0 0.604000 0.800167 0.009333 0.013667
0 0.573833 0.548667 0.009667 0.012000
0 0.337500 0.834667 0.013667 0.014667
0 0.214333 0.955500 0.012000 0.010333
0 0.507833 0.793000 0.010333 0.008667
0 0.199000 0.788000 0.006000 0.010000
0 0.164333 0.792000 0.006667 0.009333
0 0.538667 0.861500 0.009333 0.011667
0 0.637167 0.757833 0.006333 0.010333
0 0.624333 0.778000 0.005333 0.006000
0 0.699833 0.724167 0.008333 0.006333
