0 0.325000 0.386667 0.007333 0.011333
0 0.324000 0.440833 0.008667 0.010333
0 0.376667 0.405667 0.008000 0.008000
0 0.382500 0.447167 0.006333 0.009667
0 0.268500 0.493333 0.006333 0.012000
0 0.409000 0.376833 0.008667 0.007000
0 0.474833 0.391000 0.007000 0.008667
0 0.581167 0.238833 0.007667 0.010333
0 0.609667 0.201667 0.008667 0.008000
0 0.647333 0.219000 0.006667 0.007333
0 0.596500 0.273500 0.010333 0.009000
0 0.606333 0.282167 0.009333 0.008333
0 0.763833 0.591167 0.009667 0.012333
0 0.435167 0.699667 0.009000 0.012000
0 0.775667 0.577167 0.007333 0.007000
0 0.832167 0.618333 0.010333 0.010667
0 0.788333 0.647500 0.007333 0.010333
0 0.632500 0.651833 0.007667 0.009667
0 0.797500 0.731667 0.007667 0.011333
0 0.326333 0.658833 0.011333 0.009667
0 0.257167 0.757667 0.007000 0.012000
0 0.269500 0.846000 0.009000 0.013333
0 0.376333 0.980000 0.008000 0.011333
0 0.228667 0.618667 0.013333 0.009333
0 0.120000 0.633500 0.012667 0.009000
0 0.176833 0.423333 0.007000 0.012000
0 0.082167 0.403667 0.007000 0.009333
0 0.395000 0.486333 0.009333 0.008667
0 0.249833 0.357333 0.011667 0.009333
0 0.844333 0.062000 0.009333 0.011333
0 0.788000 0.222833 0.009333 0.009667
0 0.921000 0.290000 0.008667 0.010667
0 0.788333 0.413667 0.010000 0.012000
0 0.742667 0.367500 0.008000 0.007667
0 0.852000 0.239500 0.008000 0.009000
0 0.785500 0.261667 0.007667 0.008667
0 0.775667 0.312500 0.010667 0.005667
0 0.977833 0.330500 0.007667 0.008333
0 0.993500 0.324833 0.007000 0.007667
0 0.898833 0.692833 0.005667 0.007000
0 0.921333 0.660000 0.005333 0.010000
0 0.919333 0.718000 0.008667 0.009333
0 0.377667 0.748167 0.006667 0.009667
0 0.510000 0.559833 0.007333 0.009667
0 0.501333 0.438500 0.008000 0.007000
0 0.054833 0.873333 0.006333 0.008667
0 0.135667 0.346333 0.008000 0.006667
0 0.717667 0.152333 0.010000 0.008000
0 0.788667 0.036667 0.010000 0.010667
0 0.806500 0.582333 0.006333 0.007333
0 0.762667 0.781333 0.007333 0.008000
0 0.401500 0.444833 0.006333 0.007000
0 0.266833 0.389000 0.009667 0.006667
0 0.071167 0.603333 0.007667 0.006667
0 0.079667 0.615833 0.007333 0.007667
0 0.242500 0.607667 0.007667 0.006667
0 0.291833 0.039833 0.007667 0.007667
0 0.739333 0.242500 0.009333 0.006333
0 0.728000 0.699833 0.009333 0.007667
0 0.746500 0.803667 0.005667 0.010000
0 0.859500 0.759667 0.009667 0.007333
0 0.096333 0.763333 0.008000 0.006667
0 0.154667 0.197667 0.006667 0.008667
0 0.140333 0.477833 0.012000 0.010333
0 0.739000 0.870167 0.006000 0.006333
0 0.722000 0.826667 0.006667 0.005333
0 0.746333 0.739167 0.006000 0.005667
0 0.754333 0.711000 0.004667 0.004667
0 0.870833 0.893333 0.005667 0.006000
0 0.679167 0.976000 0.004333 0.007333
0 0.342000 0.352667 0.007333 0.008667
0 0.127833 0.051833 0.006333 0.006333
0 0.028833 0.637000 0.009667 0.006667
