0 0.541333 0.287833 0.010000 0.011667
0 0.576167 0.296500 0.011667 0.011000
0 0.549833 0.349833 0.010333 0.019000
0 0.565000 0.716167 0.009333 0.009667
0 0.561167 0.638833 0.009667 0.009000
0 0.500667 0.624833 0.011333 0.007667
0 0.458167 0.658167 0.008333 0.011000
0 0.415833 0.546833 0.009667 0.007667
0 0.401333 0.560833 0.011333 0.010333
0 0.416333 0.766333 0.014000 0.008667
0 0.443667 0.756167 0.010000 0.007000
0 0.432833 0.757500 0.007667 0.008333
0 0.376500 0.769000 0.011000 0.008667
0 0.467667 0.439333 0.007333 0.005333
0 0.467667 0.484167 0.008000 0.006333
0 0.489333 0.486333 0.010667 0.006667
0 0.494333 0.473500 0.008667 0.006333
0 0.512833 0.492500 0.007000 0.007000
0 0.469167 0.498833 0.011000 0.008333
0 0.622500 0.448167 0.012333 0.006333
0 0.381500 0.293833 0.009667 0.013000
0 0.250000 0.343833 0.006667 0.007667
0 0.263667 0.349167 0.009333 0.007000
0 0.228833 0.371167 0.010333 0.007667
0 0.214500 0.391500 0.012333 0.011667
0 0.222667 0.350167 0.011333 0.008333
0 0.161000 0.290833 0.010000 0.007667
0 0.156333 0.261500 0.010000 0.009667
0 0.230333 0.256667 0.009333 0.006000
0 0.163500 0.451167 0.007667 0.007000
0 0.985500 0.402833 0.009667 0.009667
0 0.973833 0.381000 0.010333 0.011333
0 0.965833 0.388000 0.015667 0.011333
0 0.976500 0.532000 0.010333 0.012667
0 0.928833 0.514000 0.008333 0.012000
0 0.861333 0.491833 0.008000 0.009000
0 0.850667 0.494500 0.007333 0.009000
0 0.316833 0.759333 0.010333 0.008000
0 0.305500 0.744000 0.007667 0.006667
0 0.332667 0.779833 0.009333 0.006333
0 0.760000 0.964833 0.010000 0.010333
0 0.798167 0.889000 0.010333 0.010000
0 0.607000 0.816000 0.010667 0.011333
0 0.612167 0.793833 0.012333 0.011000
0 0.618000 0.290500 0.007333 0.007000
0 0.607167 0.282333 0.011667 0.007333
0 0.536667 0.098333 0.012000 0.011333
0 0.427000 0.077167 0.010667 0.009667
0 0.339167 0.138667 0.014333 0.008667
0 0.265667 0.771500 0.011333 0.010333
0 0.192333 0.828167 0.012667 0.011000
0 0.832000 0.343000 0.016667 0.014000
0 0.683000 0.307333 0.010667 0.010667
0 0.028500 0.488000 0.009667 0.006667
0 0.016333 0.465667 0.010000 0.005333
0 0.180500 0.521833 0.009000 0.006333
0 0.797833 0.079667 0.008333 0.006000
0 0.778000 0.152833 0.008000 0.007000
0 0.793000 0.135833 0.006667 0.009000
0 0.780333 0.841000 0.005333 0.012667
0 0.487333 0.571500 0.005333 0.007000
0 0.470000 0.572667 0.008000 0.008667
0 0.251833 0.692333 0.006333 0.008000
0 0.021833 0.793333 0.005667 0.010667
0 0.756167 0.365500 0.006333 0.007667
0 0.358500 0.347667 0.005667 0.007333
0 0.056833 0.433667 0.007000 0.010000
0 0.057000 0.408667 0.005333 0.006000
0 0.247333 0.225167 0.006000 0.007000
0 0.106667 0.302833 0.005333 0.005000
0 0.486667 0.007833 0.006667 0.005000
0 0.677833 0.475333 0.006333 0.007333
0 0.630833 0.474333 0.005667 0.008000
0 0.807333 0.959667 0.005333 0.005333
0 0.574667 0.750833 0.007333 0.006333
0 0.668167 0.349667 0.006333 0.011333
0 0.833000 0.004500 0.008000 0.008333
0 0.132000 0.432167 0.007333 0.005667
0 0.205500 0.171167 0.006333 0.007000
0 0.460667 0.125167 0.007333 0.007667
0 0.784500 0.165500 0.005000 0.007000
0 0.840000 0.748833 0.005333 0.007000
0 0.441167 0.888500 0.007667 0.005667
0 0.390833 0.815833 0.005667 0.007000
0 0.242000 0.739833 0.004000 0.004333
0 0.402833 0.777000 0.005000 0.006000
0 0.271167 0.669833 0.004333 0.004333
0 0.264500 0.666833 0.003667 0.005667
0 0.094333 0.527000 0.005333 0.004667
0 0.578500 0.029333 0.007000 0.008667
