0 0.680500 0.198500 0.025000 0.019000
0 0.765667 0.296333 0.016000 0.021333
0 0.676500 0.101833 0.024333 0.017667
0 0.548833 0.082500 0.023667 0.016333
0 0.452333 0.132833 0.018000 0.021000
0 0.332333 0.345833 0.024667 0.018333
0 0.246167 0.389333 0.019667 0.020000
0 0.140500 0.772000 0.013000 0.015333
0 0.267000 0.797500 0.014667 0.018333
0 0.690833 0.699500 0.022333 0.022333
0 0.629500 0.746667 0.018333 0.011333
0 0.765500 0.529833 0.025000 0.023000
0 0.628167 0.447000 0.018333 0.023333
0 0.832167 0.252000 0.021000 0.026667
0 0.636667 0.202167 0.020667 0.020333
0 0.523333 0.308167 0.014000 0.023000
0 0.550000 0.393667 0.027333 0.030667
0 0.543500 0.543167 0.019000 0.020333
0 0.518500 0.482833 0.021667 0.016333
0 0.241667 0.155000 0.019333 0.016000
0 0.485667 0.196000 0.024000 0.023333
0 0.589000 0.065500 0.015333 0.018333
0 0.740000 0.063167 0.022667 0.014333
