0 0.591833 0.268667 0.012333 0.013333
0 0.417500 0.363500 0.008333 0.011000
0 0.393000 0.309167 0.007333 0.012333
0 0.401667 0.284833 0.007333 0.007000
0 0.435167 0.272167 0.005000 0.005000
0 0.395500 0.464333 0.006333 0.006000
0 0.457833 0.477833 0.009000 0.017000
0 0.300667 0.539000 0.017333 0.017333
0 0.255667 0.506500 0.021333 0.017667
0 0.240667 0.491833 0.011333 0.009000
0 0.239667 0.466000 0.012667 0.012667
0 0.311000 0.423167 0.006667 0.006333
0 0.464667 0.701333 0.016000 0.012667
0 0.657833 0.855500 0.014333 0.012333
0 0.654500 0.797333 0.007000 0.008000
0 0.635000 0.670500 0.010667 0.018333
0 0.789000 0.526833 0.006667 0.005667
0 0.674000 0.496333 0.008667 0.008000
0 0.814500 0.476833 0.015000 0.014333
0 0.543667 0.321000 0.005333 0.007333
0 0.535167 0.179333 0.007000 0.008000
0 0.316500 0.201667 0.007000 0.008667
0 0.298000 0.332667 0.018000 0.018667
0 0.452500 0.600000 0.016333 0.022667
0 0.677000 0.707667 0.006000 0.010000
0 0.557667 0.598667 0.008667 0.008667
0 0.564667 0.591167 0.006667 0.007667
0 0.636833 0.408167 0.005667 0.007000
0 0.640000 0.426333 0.006000 0.006667
0 0.235167 0.071333 0.019667 0.022000
0 0.220000 0.118500 0.028667 0.025000
0 0.303833 0.094833 0.027000 0.027000
0 0.308167 0.607833 0.005667 0.005667
0 0.308333 0.624333 0.006000 0.006000
0 0.280167 0.575000 0.004333 0.006000
0 0.271667 0.593833 0.004000 0.006333
0 0.253000 0.531667 0.006000 0.005333
0 0.227333 0.593667 0.005333 0.007333
0 0.394667 0.327667 0.005333 0.005333
0 0.767833 0.590167 0.004333 0.003667
0 0.708333 0.565500 0.006000 0.004333
0 0.757667 0.539500 0.005333 0.005000
0 0.728833 0.512333 0.004333 0.005333
0 0.700500 0.748500 0.004333 0.005000
0 0.704500 0.757000 0.003667 0.006000
0 0.734167 0.719167 0.005667 0.005667
0 0.625667 0.570667 0.004667 0.004667
0 0.485833 0.884333 0.005000 0.006000
0 0.400833 0.875333 0.005000 0.005333
0 0.428333 0.748833 0.004667 0.004333
0 0.363667 0.710000 0.004667 0.006000
0 0.778167 0.381833 0.009667 0.008333
0 0.654833 0.317000 0.005000 0.006000
