0 0.389333 0.316167 0.014000 0.017667
0 0.528667 0.322000 0.008667 0.016000
0 0.380000 0.464000 0.014667 0.016667
0 0.574833 0.521167 0.014333 0.023000
0 0.771167 0.550500 0.023000 0.019000
0 0.743500 0.636500 0.017667 0.019000
0 0.759167 0.814333 0.018333 0.018000
0 0.719667 0.796000 0.014667 0.014667
0 0.291333 0.618000 0.014000 0.029333
0 0.316333 0.116333 0.011333 0.015333
0 0.328500 0.112333 0.022333 0.015333
0 0.590167 0.353833 0.006333 0.007667
0 0.663333 0.300833 0.006000 0.005667
0 0.523167 0.208000 0.006333 0.006667
0 0.595333 0.167833 0.006667 0.007000
0 0.568667 0.213333 0.004667 0.006667
0 0.462167 0.516167 0.013000 0.011000
0 0.669167 0.565667 0.009000 0.008000
0 0.675500 0.125833 0.005000 0.007000
0 0.710333 0.078167 0.006667 0.009000
0 0.692167 0.062833 0.011000 0.008333
0 0.450167 0.095833 0.007000 0.009000
0 0.510833 0.147333 0.009667 0.008667
0 0.603833 0.100167 0.008333 0.007667
0 0.657000 0.179167 0.007333 0.007667
0 0.673667 0.244333 0.006000 0.008667
0 0.414833 0.151833 0.008333 0.009667
0 0.341333 0.240167 0.007333 0.008333
0 0.509333 0.381667 0.007333 0.006667
0 0.452000 0.386500 0.006667 0.009667
0 0.549333 0.367833 0.008000 0.008333
0 0.613333 0.523833 0.008000 0.011000
0 0.709000 0.251000 0.011333 0.013333
0 0.824167 0.214500 0.008333 0.007667
0 0.511500 0.031167 0.005667 0.007000
0 0.590833 0.289500 0.010333 0.009000
0 0.417167 0.498833 0.009000 0.009667
0 0.459000 0.043667 0.007333 0.008000
0 0.348000 0.072833 0.008000 0.010333
0 0.360167 0.131833 0.009667 0.008333
0 0.673667 0.189167 0.006667 0.005667
0 0.746000 0.137833 0.007333 0.007667
0 0.828667 0.165167 0.006667 0.007000
0 0.904167 0.236500 0.007000 0.009000
0 0.912333 0.179500 0.008667 0.009000
0 0.880000 0.242667 0.007333 0.006667
0 0.808000 0.328000 0.007333 0.008667
0 0.712667 0.218500 0.008000 0.008333
0 0.592000 0.220167 0.006667 0.008333
0 0.699000 0.311000 0.006667 0.008000
0 0.683333 0.452167 0.008667 0.008333
0 0.416333 0.431333 0.008000 0.007333
0 0.572833 0.468833 0.006333 0.007667
0 0.556833 0.262667 0.004333 0.004000
0 0.628167 0.201333 0.005000 0.005333
0 0.730667 0.287000 0.005333 0.005333
0 0.813000 0.367667 0.006000 0.006667
