0 0.662333 0.677833 0.018000 0.017667
0 0.626167 0.661833 0.012333 0.015667
0 0.345167 0.535667 0.031667 0.025333
0 0.805000 0.361667 0.010667 0.016667
0 0.399167 0.823167 0.019667 0.019000
0 0.668667 0.460000 0.016667 0.016000
0 0.343667 0.504000 0.026667 0.021333
0 0.464333 0.473167 0.019333 0.017000
0 0.150500 0.315333 0.018333 0.022667
0 0.034500 0.138000 0.029000 0.024667
0 0.751333 0.364167 0.011333 0.012333
0 0.682167 0.271167 0.011000 0.011667
0 0.265167 0.604833 0.009000 0.010333
0 0.425667 0.947000 0.022667 0.019333
0 0.317833 0.946333 0.021000 0.018667
0 0.225500 0.468500 0.023667 0.020333
0 0.477167 0.531333 0.029000 0.015333
0 0.376000 0.430333 0.028667 0.016000
